mean_test_score,metric_roc_auc,metric_average_precision,mean_fit_time,params,rank_test_scores,status,budgets,param_classifier:__choice__,param_data_preprocessor:__choice__,param_feature_preprocessor:__choice__,param_classifier:CBLOFClassifier:alpha,param_classifier:CBLOFClassifier:beta,param_classifier:CBLOFClassifier:contamination,param_classifier:CBLOFClassifier:n_clusters,param_classifier:CBLOFClassifier:use_weights,param_classifier:COPODClassifier:contamination,param_classifier:IForestClassifier:bootstrap,param_classifier:IForestClassifier:contamination,param_classifier:IForestClassifier:max_features,param_classifier:IForestClassifier:max_samples,param_classifier:IForestClassifier:n_estimators,param_classifier:KNNClassifier:contamination,param_classifier:KNNClassifier:method,param_classifier:KNNClassifier:n_neighbors,param_classifier:KNNClassifier:p,param_classifier:LOFClassifier:contamination,param_classifier:LOFClassifier:n_neighbors,param_classifier:LOFClassifier:p
0.49197916666666663,0.49197916666666663,0.3760748914829851,1.184248685836792,"{'classifier:__choice__': 'LOFClassifier', 'data_preprocessor:__choice__': 'NoPreprocessing', 'feature_preprocessor:__choice__': 'no_preprocessing', 'classifier:LOFClassifier:contamination': 0.05, 'classifier:LOFClassifier:n_neighbors': 187, 'classifier:LOFClassifier:p': 2}",174,Success,0.0,LOFClassifier,NoPreprocessing,no_preprocessing,,,,,,,,,,,,,,,,0.05,187.0,2.0
0.5488541666666666,0.5488541666666666,0.41397652672118457,2.3492014408111572,"{'classifier:__choice__': 'KNNClassifier', 'data_preprocessor:__choice__': 'NoPreprocessing', 'feature_preprocessor:__choice__': 'no_preprocessing', 'classifier:KNNClassifier:contamination': 0.15000000000000002, 'classifier:KNNClassifier:method': 'largest', 'classifier:KNNClassifier:n_neighbors': 87, 'classifier:KNNClassifier:p': 2}",106,Success,0.0,KNNClassifier,NoPreprocessing,no_preprocessing,,,,,,,,,,,,0.15000000000000002,largest,87.0,2.0,,,
0.3320833333333333,0.3320833333333333,0.31091435837194614,2.255354881286621,"{'classifier:__choice__': 'CBLOFClassifier', 'data_preprocessor:__choice__': 'NoPreprocessing', 'feature_preprocessor:__choice__': 'no_preprocessing', 'classifier:CBLOFClassifier:alpha': 0.9, 'classifier:CBLOFClassifier:beta': 6, 'classifier:CBLOFClassifier:contamination': 0.1, 'classifier:CBLOFClassifier:n_clusters': 8, 'classifier:CBLOFClassifier:use_weights': 'False'}",290,Success,0.0,CBLOFClassifier,NoPreprocessing,no_preprocessing,0.9,6.0,0.1,8.0,False,,,,,,,,,,,,,
0.5497916666666667,0.5497916666666667,0.41425394719713116,2.157027244567871,"{'classifier:__choice__': 'KNNClassifier', 'data_preprocessor:__choice__': 'NoPreprocessing', 'feature_preprocessor:__choice__': 'no_preprocessing', 'classifier:KNNClassifier:contamination': 0.5, 'classifier:KNNClassifier:method': 'largest', 'classifier:KNNClassifier:n_neighbors': 67, 'classifier:KNNClassifier:p': 2}",82,Success,0.0,KNNClassifier,NoPreprocessing,no_preprocessing,,,,,,,,,,,,0.5,largest,67.0,2.0,,,
0.4738541666666667,0.4738541666666667,0.366189126942162,1.2065887451171875,"{'classifier:__choice__': 'LOFClassifier', 'data_preprocessor:__choice__': 'NoPreprocessing', 'feature_preprocessor:__choice__': 'no_preprocessing', 'classifier:LOFClassifier:contamination': 0.2, 'classifier:LOFClassifier:n_neighbors': 130, 'classifier:LOFClassifier:p': 2}",204,Success,0.0,LOFClassifier,NoPreprocessing,no_preprocessing,,,,,,,,,,,,,,,,0.2,130.0,2.0
0.4596875,0.4596875,0.3600378593785748,1.0437843799591064,"{'classifier:__choice__': 'LOFClassifier', 'data_preprocessor:__choice__': 'NoPreprocessing', 'feature_preprocessor:__choice__': 'no_preprocessing', 'classifier:LOFClassifier:contamination': 0.45, 'classifier:LOFClassifier:n_neighbors': 99, 'classifier:LOFClassifier:p': 2}",217,Success,0.0,LOFClassifier,NoPreprocessing,no_preprocessing,,,,,,,,,,,,,,,,0.45,99.0,2.0
0.5489583333333333,0.5489583333333333,0.4138137577356903,2.381406545639038,"{'classifier:__choice__': 'KNNClassifier', 'data_preprocessor:__choice__': 'NoPreprocessing', 'feature_preprocessor:__choice__': 'no_preprocessing', 'classifier:KNNClassifier:contamination': 0.5, 'classifier:KNNClassifier:method': 'largest', 'classifier:KNNClassifier:n_neighbors': 83, 'classifier:KNNClassifier:p': 2}",100,Success,0.0,KNNClassifier,NoPreprocessing,no_preprocessing,,,,,,,,,,,,0.5,largest,83.0,2.0,,,
0.5486458333333333,0.5486458333333333,0.4147357411057858,2.2537219524383545,"{'classifier:__choice__': 'KNNClassifier', 'data_preprocessor:__choice__': 'NoPreprocessing', 'feature_preprocessor:__choice__': 'no_preprocessing', 'classifier:KNNClassifier:contamination': 0.35000000000000003, 'classifier:KNNClassifier:method': 'largest', 'classifier:KNNClassifier:n_neighbors': 130, 'classifier:KNNClassifier:p': 2}",111,Success,0.0,KNNClassifier,NoPreprocessing,no_preprocessing,,,,,,,,,,,,0.35000000000000003,largest,130.0,2.0,,,
0.5501041666666667,0.5501041666666667,0.4153205463297587,2.6938250064849854,"{'classifier:__choice__': 'KNNClassifier', 'data_preprocessor:__choice__': 'NoPreprocessing', 'feature_preprocessor:__choice__': 'no_preprocessing', 'classifier:KNNClassifier:contamination': 0.25, 'classifier:KNNClassifier:method': 'largest', 'classifier:KNNClassifier:n_neighbors': 142, 'classifier:KNNClassifier:p': 2}",74,Success,0.0,KNNClassifier,NoPreprocessing,no_preprocessing,,,,,,,,,,,,0.25,largest,142.0,2.0,,,
0.5386458333333333,0.5386458333333333,0.4184859342847215,2.2467825412750244,"{'classifier:__choice__': 'IForestClassifier', 'data_preprocessor:__choice__': 'NoPreprocessing', 'feature_preprocessor:__choice__': 'no_preprocessing', 'classifier:IForestClassifier:bootstrap': 'False', 'classifier:IForestClassifier:contamination': 0.3, 'classifier:IForestClassifier:max_features': 1.0, 'classifier:IForestClassifier:max_samples': 0.55, 'classifier:IForestClassifier:n_estimators': 165}",141,Success,0.0,IForestClassifier,NoPreprocessing,no_preprocessing,,,,,,,False,0.3,1.0,0.55,165.0,,,,,,,
0.6136458333333333,0.6136458333333333,0.4901285889005096,1.0300767421722412,"{'classifier:__choice__': 'COPODClassifier', 'data_preprocessor:__choice__': 'NoPreprocessing', 'feature_preprocessor:__choice__': 'no_preprocessing', 'classifier:COPODClassifier:contamination': 0.2}",1,Success,0.0,COPODClassifier,NoPreprocessing,no_preprocessing,,,,,,0.2,,,,,,,,,,,,
0.5539583333333333,0.5539583333333333,0.42400698670685977,2.0527126789093018,"{'classifier:__choice__': 'CBLOFClassifier', 'data_preprocessor:__choice__': 'NoPreprocessing', 'feature_preprocessor:__choice__': 'no_preprocessing', 'classifier:CBLOFClassifier:alpha': 0.65, 'classifier:CBLOFClassifier:beta': 20, 'classifier:CBLOFClassifier:contamination': 0.15000000000000002, 'classifier:CBLOFClassifier:n_clusters': 2, 'classifier:CBLOFClassifier:use_weights': 'False'}",30,Success,0.0,CBLOFClassifier,NoPreprocessing,no_preprocessing,0.65,20.0,0.15000000000000002,2.0,False,,,,,,,,,,,,,
0.6136458333333333,0.6136458333333333,0.4901285889005096,1.0597059726715088,"{'classifier:__choice__': 'COPODClassifier', 'data_preprocessor:__choice__': 'NoPreprocessing', 'feature_preprocessor:__choice__': 'no_preprocessing', 'classifier:COPODClassifier:contamination': 0.05}",1,Success,0.0,COPODClassifier,NoPreprocessing,no_preprocessing,,,,,,0.05,,,,,,,,,,,,
0.4565625,0.4565625,0.3555253491150404,2.261991262435913,"{'classifier:__choice__': 'CBLOFClassifier', 'data_preprocessor:__choice__': 'NoPreprocessing', 'feature_preprocessor:__choice__': 'no_preprocessing', 'classifier:CBLOFClassifier:alpha': 0.8500000000000001, 'classifier:CBLOFClassifier:beta': 6, 'classifier:CBLOFClassifier:contamination': 0.45, 'classifier:CBLOFClassifier:n_clusters': 10, 'classifier:CBLOFClassifier:use_weights': 'False'}",225,Success,0.0,CBLOFClassifier,NoPreprocessing,no_preprocessing,0.8500000000000001,6.0,0.45,10.0,False,,,,,,,,,,,,,
0.4715625,0.4715625,0.3651569512465822,1.1140682697296143,"{'classifier:__choice__': 'LOFClassifier', 'data_preprocessor:__choice__': 'NoPreprocessing', 'feature_preprocessor:__choice__': 'no_preprocessing', 'classifier:LOFClassifier:contamination': 0.3, 'classifier:LOFClassifier:n_neighbors': 120, 'classifier:LOFClassifier:p': 2}",209,Success,0.0,LOFClassifier,NoPreprocessing,no_preprocessing,,,,,,,,,,,,,,,,0.3,120.0,2.0
0.5057291666666667,0.5057291666666667,0.40468897434357254,0.9991147518157959,"{'classifier:__choice__': 'LOFClassifier', 'data_preprocessor:__choice__': 'NoPreprocessing', 'feature_preprocessor:__choice__': 'no_preprocessing', 'classifier:LOFClassifier:contamination': 0.15000000000000002, 'classifier:LOFClassifier:n_neighbors': 9, 'classifier:LOFClassifier:p': 2}",160,Success,0.0,LOFClassifier,NoPreprocessing,no_preprocessing,,,,,,,,,,,,,,,,0.15000000000000002,9.0,2.0
0.6136458333333333,0.6136458333333333,0.4901285889005096,1.0653207302093506,"{'classifier:__choice__': 'COPODClassifier', 'data_preprocessor:__choice__': 'NoPreprocessing', 'feature_preprocessor:__choice__': 'no_preprocessing', 'classifier:COPODClassifier:contamination': 0.25}",1,Success,0.0,COPODClassifier,NoPreprocessing,no_preprocessing,,,,,,0.25,,,,,,,,,,,,
0.5539583333333333,0.5539583333333333,0.42400698670685977,2.2267308235168457,"{'classifier:__choice__': 'CBLOFClassifier', 'data_preprocessor:__choice__': 'NoPreprocessing', 'feature_preprocessor:__choice__': 'no_preprocessing', 'classifier:CBLOFClassifier:alpha': 0.6, 'classifier:CBLOFClassifier:beta': 16, 'classifier:CBLOFClassifier:contamination': 0.5, 'classifier:CBLOFClassifier:n_clusters': 2, 'classifier:CBLOFClassifier:use_weights': 'False'}",30,Success,0.0,CBLOFClassifier,NoPreprocessing,no_preprocessing,0.6,16.0,0.5,2.0,False,,,,,,,,,,,,,
0.4577083333333334,0.4577083333333334,0.3655592255462319,2.2694265842437744,"{'classifier:__choice__': 'CBLOFClassifier', 'data_preprocessor:__choice__': 'NoPreprocessing', 'feature_preprocessor:__choice__': 'no_preprocessing', 'classifier:CBLOFClassifier:alpha': 0.55, 'classifier:CBLOFClassifier:beta': 16, 'classifier:CBLOFClassifier:contamination': 0.3, 'classifier:CBLOFClassifier:n_clusters': 12, 'classifier:CBLOFClassifier:use_weights': 'False'}",221,Success,0.0,CBLOFClassifier,NoPreprocessing,no_preprocessing,0.55,16.0,0.3,12.0,False,,,,,,,,,,,,,
0.48791666666666667,0.48791666666666667,0.37463489637220104,1.1458804607391357,"{'classifier:__choice__': 'LOFClassifier', 'data_preprocessor:__choice__': 'NoPreprocessing', 'feature_preprocessor:__choice__': 'no_preprocessing', 'classifier:LOFClassifier:contamination': 0.25, 'classifier:LOFClassifier:n_neighbors': 172, 'classifier:LOFClassifier:p': 2}",181,Success,0.0,LOFClassifier,NoPreprocessing,no_preprocessing,,,,,,,,,,,,,,,,0.25,172.0,2.0
0.5486458333333334,0.5486458333333334,0.41397916529070233,2.3446409702301025,"{'classifier:__choice__': 'KNNClassifier', 'data_preprocessor:__choice__': 'NoPreprocessing', 'feature_preprocessor:__choice__': 'no_preprocessing', 'classifier:KNNClassifier:contamination': 0.25, 'classifier:KNNClassifier:method': 'largest', 'classifier:KNNClassifier:n_neighbors': 92, 'classifier:KNNClassifier:p': 2}",110,Success,0.0,KNNClassifier,NoPreprocessing,no_preprocessing,,,,,,,,,,,,0.25,largest,92.0,2.0,,,
0.0,,,0.5277884006500244,"{'classifier:__choice__': 'CBLOFClassifier', 'data_preprocessor:__choice__': 'NoPreprocessing', 'feature_preprocessor:__choice__': 'no_preprocessing', 'classifier:CBLOFClassifier:alpha': 1.0, 'classifier:CBLOFClassifier:beta': 2, 'classifier:CBLOFClassifier:contamination': 0.25, 'classifier:CBLOFClassifier:n_clusters': 16, 'classifier:CBLOFClassifier:use_weights': 'False'}",303,Crash,0.0,CBLOFClassifier,NoPreprocessing,no_preprocessing,1.0,2.0,0.25,16.0,False,,,,,,,,,,,,,
0.48510416666666667,0.48510416666666667,0.3728334309079815,1.1663331985473633,"{'classifier:__choice__': 'LOFClassifier', 'data_preprocessor:__choice__': 'NoPreprocessing', 'feature_preprocessor:__choice__': 'no_preprocessing', 'classifier:LOFClassifier:contamination': 0.4, 'classifier:LOFClassifier:n_neighbors': 160, 'classifier:LOFClassifier:p': 2}",186,Success,0.0,LOFClassifier,NoPreprocessing,no_preprocessing,,,,,,,,,,,,,,,,0.4,160.0,2.0
0.0,,,0.5866949558258057,"{'classifier:__choice__': 'CBLOFClassifier', 'data_preprocessor:__choice__': 'NoPreprocessing', 'feature_preprocessor:__choice__': 'no_preprocessing', 'classifier:CBLOFClassifier:alpha': 1.0, 'classifier:CBLOFClassifier:beta': 14, 'classifier:CBLOFClassifier:contamination': 0.1, 'classifier:CBLOFClassifier:n_clusters': 12, 'classifier:CBLOFClassifier:use_weights': 'False'}",303,Crash,0.0,CBLOFClassifier,NoPreprocessing,no_preprocessing,1.0,14.0,0.1,12.0,False,,,,,,,,,,,,,
0.4526041666666667,0.4526041666666667,0.3542958587608436,2.7545864582061768,"{'classifier:__choice__': 'CBLOFClassifier', 'data_preprocessor:__choice__': 'NoPreprocessing', 'feature_preprocessor:__choice__': 'no_preprocessing', 'classifier:CBLOFClassifier:alpha': 0.7, 'classifier:CBLOFClassifier:beta': 20, 'classifier:CBLOFClassifier:contamination': 0.2, 'classifier:CBLOFClassifier:n_clusters': 10, 'classifier:CBLOFClassifier:use_weights': 'False'}",230,Success,0.0,CBLOFClassifier,NoPreprocessing,no_preprocessing,0.7,20.0,0.2,10.0,False,,,,,,,,,,,,,
0.49958333333333327,0.49958333333333327,0.4168617332773208,0.9947657585144043,"{'classifier:__choice__': 'LOFClassifier', 'data_preprocessor:__choice__': 'NoPreprocessing', 'feature_preprocessor:__choice__': 'no_preprocessing', 'classifier:LOFClassifier:contamination': 0.3, 'classifier:LOFClassifier:n_neighbors': 6, 'classifier:LOFClassifier:p': 2}",162,Success,0.0,LOFClassifier,NoPreprocessing,no_preprocessing,,,,,,,,,,,,,,,,0.3,6.0,2.0
0.33010416666666664,0.33010416666666664,0.3103976955893182,2.529649257659912,"{'classifier:__choice__': 'CBLOFClassifier', 'data_preprocessor:__choice__': 'NoPreprocessing', 'feature_preprocessor:__choice__': 'no_preprocessing', 'classifier:CBLOFClassifier:alpha': 0.7, 'classifier:CBLOFClassifier:beta': 20, 'classifier:CBLOFClassifier:contamination': 0.2, 'classifier:CBLOFClassifier:n_clusters': 8, 'classifier:CBLOFClassifier:use_weights': 'False'}",298,Success,0.0,CBLOFClassifier,NoPreprocessing,no_preprocessing,0.7,20.0,0.2,8.0,False,,,,,,,,,,,,,
0.5515625,0.5515625,0.4161444287995464,2.5534017086029053,"{'classifier:__choice__': 'KNNClassifier', 'data_preprocessor:__choice__': 'NoPreprocessing', 'feature_preprocessor:__choice__': 'no_preprocessing', 'classifier:KNNClassifier:contamination': 0.1, 'classifier:KNNClassifier:method': 'largest', 'classifier:KNNClassifier:n_neighbors': 190, 'classifier:KNNClassifier:p': 2}",45,Success,0.0,KNNClassifier,NoPreprocessing,no_preprocessing,,,,,,,,,,,,0.1,largest,190.0,2.0,,,
0.3308333333333333,0.3308333333333333,0.3176926805663257,2.626288890838623,"{'classifier:__choice__': 'CBLOFClassifier', 'data_preprocessor:__choice__': 'NoPreprocessing', 'feature_preprocessor:__choice__': 'no_preprocessing', 'classifier:CBLOFClassifier:alpha': 0.55, 'classifier:CBLOFClassifier:beta': 4, 'classifier:CBLOFClassifier:contamination': 0.3, 'classifier:CBLOFClassifier:n_clusters': 16, 'classifier:CBLOFClassifier:use_weights': 'False'}",297,Success,0.0,CBLOFClassifier,NoPreprocessing,no_preprocessing,0.55,4.0,0.3,16.0,False,,,,,,,,,,,,,
0.6136458333333333,0.6136458333333333,0.4901285889005096,1.0460429191589355,"{'classifier:__choice__': 'COPODClassifier', 'data_preprocessor:__choice__': 'NoPreprocessing', 'feature_preprocessor:__choice__': 'no_preprocessing', 'classifier:COPODClassifier:contamination': 0.5}",1,Success,0.0,COPODClassifier,NoPreprocessing,no_preprocessing,,,,,,0.5,,,,,,,,,,,,
0.4753125,0.4753125,0.3672712148712235,1.0961873531341553,"{'classifier:__choice__': 'LOFClassifier', 'data_preprocessor:__choice__': 'NoPreprocessing', 'feature_preprocessor:__choice__': 'no_preprocessing', 'classifier:LOFClassifier:contamination': 0.45, 'classifier:LOFClassifier:n_neighbors': 132, 'classifier:LOFClassifier:p': 2}",197,Success,0.0,LOFClassifier,NoPreprocessing,no_preprocessing,,,,,,,,,,,,,,,,0.45,132.0,2.0
0.3455208333333333,0.3455208333333333,0.3153969074102172,2.5015220642089844,"{'classifier:__choice__': 'CBLOFClassifier', 'data_preprocessor:__choice__': 'NoPreprocessing', 'feature_preprocessor:__choice__': 'no_preprocessing', 'classifier:CBLOFClassifier:alpha': 0.6, 'classifier:CBLOFClassifier:beta': 14, 'classifier:CBLOFClassifier:contamination': 0.2, 'classifier:CBLOFClassifier:n_clusters': 8, 'classifier:CBLOFClassifier:use_weights': 'False'}",278,Success,0.0,CBLOFClassifier,NoPreprocessing,no_preprocessing,0.6,14.0,0.2,8.0,False,,,,,,,,,,,,,
0.5494791666666666,0.5494791666666666,0.4150120520791095,2.2444589138031006,"{'classifier:__choice__': 'KNNClassifier', 'data_preprocessor:__choice__': 'NoPreprocessing', 'feature_preprocessor:__choice__': 'no_preprocessing', 'classifier:KNNClassifier:contamination': 0.3, 'classifier:KNNClassifier:method': 'largest', 'classifier:KNNClassifier:n_neighbors': 135, 'classifier:KNNClassifier:p': 2}",91,Success,0.0,KNNClassifier,NoPreprocessing,no_preprocessing,,,,,,,,,,,,0.3,largest,135.0,2.0,,,
0.5480208333333333,0.5480208333333333,0.41369637435132667,2.5607123374938965,"{'classifier:__choice__': 'KNNClassifier', 'data_preprocessor:__choice__': 'NoPreprocessing', 'feature_preprocessor:__choice__': 'no_preprocessing', 'classifier:KNNClassifier:contamination': 0.15000000000000002, 'classifier:KNNClassifier:method': 'largest', 'classifier:KNNClassifier:n_neighbors': 104, 'classifier:KNNClassifier:p': 2}",120,Success,0.0,KNNClassifier,NoPreprocessing,no_preprocessing,,,,,,,,,,,,0.15000000000000002,largest,104.0,2.0,,,
0.5497916666666667,0.5497916666666667,0.41433545405841565,2.1387779712677,"{'classifier:__choice__': 'KNNClassifier', 'data_preprocessor:__choice__': 'NoPreprocessing', 'feature_preprocessor:__choice__': 'no_preprocessing', 'classifier:KNNClassifier:contamination': 0.4, 'classifier:KNNClassifier:method': 'largest', 'classifier:KNNClassifier:n_neighbors': 60, 'classifier:KNNClassifier:p': 2}",82,Success,0.0,KNNClassifier,NoPreprocessing,no_preprocessing,,,,,,,,,,,,0.4,largest,60.0,2.0,,,
0.5484375,0.5484375,0.41392119869870037,2.3168513774871826,"{'classifier:__choice__': 'KNNClassifier', 'data_preprocessor:__choice__': 'NoPreprocessing', 'feature_preprocessor:__choice__': 'no_preprocessing', 'classifier:KNNClassifier:contamination': 0.2, 'classifier:KNNClassifier:method': 'largest', 'classifier:KNNClassifier:n_neighbors': 96, 'classifier:KNNClassifier:p': 2}",113,Success,0.0,KNNClassifier,NoPreprocessing,no_preprocessing,,,,,,,,,,,,0.2,largest,96.0,2.0,,,
0.44614583333333335,0.44614583333333335,0.3609884227879202,2.691621780395508,"{'classifier:__choice__': 'CBLOFClassifier', 'data_preprocessor:__choice__': 'NoPreprocessing', 'feature_preprocessor:__choice__': 'no_preprocessing', 'classifier:CBLOFClassifier:alpha': 0.75, 'classifier:CBLOFClassifier:beta': 16, 'classifier:CBLOFClassifier:contamination': 0.05, 'classifier:CBLOFClassifier:n_clusters': 12, 'classifier:CBLOFClassifier:use_weights': 'False'}",241,Success,0.0,CBLOFClassifier,NoPreprocessing,no_preprocessing,0.75,16.0,0.05,12.0,False,,,,,,,,,,,,,
0.5473958333333333,0.5473958333333333,0.40798131753762634,2.0343432426452637,"{'classifier:__choice__': 'KNNClassifier', 'data_preprocessor:__choice__': 'NoPreprocessing', 'feature_preprocessor:__choice__': 'no_preprocessing', 'classifier:KNNClassifier:contamination': 0.3, 'classifier:KNNClassifier:method': 'largest', 'classifier:KNNClassifier:n_neighbors': 21, 'classifier:KNNClassifier:p': 2}",122,Success,0.0,KNNClassifier,NoPreprocessing,no_preprocessing,,,,,,,,,,,,0.3,largest,21.0,2.0,,,
0.55,0.55,0.41433055905218863,2.3477470874786377,"{'classifier:__choice__': 'KNNClassifier', 'data_preprocessor:__choice__': 'NoPreprocessing', 'feature_preprocessor:__choice__': 'no_preprocessing', 'classifier:KNNClassifier:contamination': 0.05, 'classifier:KNNClassifier:method': 'largest', 'classifier:KNNClassifier:n_neighbors': 61, 'classifier:KNNClassifier:p': 2}",76,Success,0.0,KNNClassifier,NoPreprocessing,no_preprocessing,,,,,,,,,,,,0.05,largest,61.0,2.0,,,
0.6136458333333333,0.6136458333333333,0.4901285889005096,1.1235828399658203,"{'classifier:__choice__': 'COPODClassifier', 'data_preprocessor:__choice__': 'NoPreprocessing', 'feature_preprocessor:__choice__': 'no_preprocessing', 'classifier:COPODClassifier:contamination': 0.15000000000000002}",1,Success,0.0,COPODClassifier,NoPreprocessing,no_preprocessing,,,,,,0.15000000000000002,,,,,,,,,,,,
0.3587499999999999,0.3587499999999999,0.31772913518038437,2.6013753414154053,"{'classifier:__choice__': 'CBLOFClassifier', 'data_preprocessor:__choice__': 'NoPreprocessing', 'feature_preprocessor:__choice__': 'no_preprocessing', 'classifier:CBLOFClassifier:alpha': 0.5, 'classifier:CBLOFClassifier:beta': 16, 'classifier:CBLOFClassifier:contamination': 0.4, 'classifier:CBLOFClassifier:n_clusters': 14, 'classifier:CBLOFClassifier:use_weights': 'False'}",276,Success,0.0,CBLOFClassifier,NoPreprocessing,no_preprocessing,0.5,16.0,0.4,14.0,False,,,,,,,,,,,,,
0.6136458333333333,0.6136458333333333,0.4901285889005096,1.0685577392578125,"{'classifier:__choice__': 'COPODClassifier', 'data_preprocessor:__choice__': 'NoPreprocessing', 'feature_preprocessor:__choice__': 'no_preprocessing', 'classifier:COPODClassifier:contamination': 0.3}",1,Success,0.0,COPODClassifier,NoPreprocessing,no_preprocessing,,,,,,0.3,,,,,,,,,,,,
0.47468750000000004,0.47468750000000004,0.3664304549478713,1.1186039447784424,"{'classifier:__choice__': 'LOFClassifier', 'data_preprocessor:__choice__': 'NoPreprocessing', 'feature_preprocessor:__choice__': 'no_preprocessing', 'classifier:LOFClassifier:contamination': 0.2, 'classifier:LOFClassifier:n_neighbors': 128, 'classifier:LOFClassifier:p': 2}",199,Success,0.0,LOFClassifier,NoPreprocessing,no_preprocessing,,,,,,,,,,,,,,,,0.2,128.0,2.0
0.4692708333333333,0.4692708333333333,0.36369232021562914,1.0691165924072266,"{'classifier:__choice__': 'LOFClassifier', 'data_preprocessor:__choice__': 'NoPreprocessing', 'feature_preprocessor:__choice__': 'no_preprocessing', 'classifier:LOFClassifier:contamination': 0.5, 'classifier:LOFClassifier:n_neighbors': 111, 'classifier:LOFClassifier:p': 2}",212,Success,0.0,LOFClassifier,NoPreprocessing,no_preprocessing,,,,,,,,,,,,,,,,0.5,111.0,2.0
0.5506249999999999,0.5506249999999999,0.425395875156114,2.0975027084350586,"{'classifier:__choice__': 'IForestClassifier', 'data_preprocessor:__choice__': 'NoPreprocessing', 'feature_preprocessor:__choice__': 'no_preprocessing', 'classifier:IForestClassifier:bootstrap': 'False', 'classifier:IForestClassifier:contamination': 0.4, 'classifier:IForestClassifier:max_features': 1.0, 'classifier:IForestClassifier:max_samples': 1.0, 'classifier:IForestClassifier:n_estimators': 135}",67,Success,0.0,IForestClassifier,NoPreprocessing,no_preprocessing,,,,,,,False,0.4,1.0,1.0,135.0,,,,,,,
0.4820833333333334,0.4820833333333334,0.37152638500437085,1.1540141105651855,"{'classifier:__choice__': 'LOFClassifier', 'data_preprocessor:__choice__': 'NoPreprocessing', 'feature_preprocessor:__choice__': 'no_preprocessing', 'classifier:LOFClassifier:contamination': 0.5, 'classifier:LOFClassifier:n_neighbors': 151, 'classifier:LOFClassifier:p': 2}",191,Success,0.0,LOFClassifier,NoPreprocessing,no_preprocessing,,,,,,,,,,,,,,,,0.5,151.0,2.0
0.5413020833333333,0.5413020833333333,0.4201493897749471,0.6744265556335449,"{'classifier:__choice__': 'IForestClassifier', 'data_preprocessor:__choice__': 'NoPreprocessing', 'feature_preprocessor:__choice__': 'no_preprocessing', 'classifier:IForestClassifier:bootstrap': 'False', 'classifier:IForestClassifier:contamination': 0.35000000000000003, 'classifier:IForestClassifier:max_features': 1.0, 'classifier:IForestClassifier:max_samples': 0.25, 'classifier:IForestClassifier:n_estimators': 10}",136,Success,0.0,IForestClassifier,NoPreprocessing,no_preprocessing,,,,,,,False,0.35000000000000003,1.0,0.25,10.0,,,,,,,
0.5539583333333333,0.5539583333333333,0.42400698670685977,2.4166247844696045,"{'classifier:__choice__': 'CBLOFClassifier', 'data_preprocessor:__choice__': 'NoPreprocessing', 'feature_preprocessor:__choice__': 'no_preprocessing', 'classifier:CBLOFClassifier:alpha': 0.75, 'classifier:CBLOFClassifier:beta': 12, 'classifier:CBLOFClassifier:contamination': 0.05, 'classifier:CBLOFClassifier:n_clusters': 2, 'classifier:CBLOFClassifier:use_weights': 'False'}",30,Success,0.0,CBLOFClassifier,NoPreprocessing,no_preprocessing,0.75,12.0,0.05,2.0,False,,,,,,,,,,,,,
0.6136458333333333,0.6136458333333333,0.4901285889005096,1.0467329025268555,"{'classifier:__choice__': 'COPODClassifier', 'data_preprocessor:__choice__': 'NoPreprocessing', 'feature_preprocessor:__choice__': 'no_preprocessing', 'classifier:COPODClassifier:contamination': 0.4}",1,Success,0.0,COPODClassifier,NoPreprocessing,no_preprocessing,,,,,,0.4,,,,,,,,,,,,
0.47187500000000004,0.47187500000000004,0.3655489323861354,1.1131319999694824,"{'classifier:__choice__': 'LOFClassifier', 'data_preprocessor:__choice__': 'NoPreprocessing', 'feature_preprocessor:__choice__': 'no_preprocessing', 'classifier:LOFClassifier:contamination': 0.05, 'classifier:LOFClassifier:n_neighbors': 121, 'classifier:LOFClassifier:p': 2}",206,Success,0.0,LOFClassifier,NoPreprocessing,no_preprocessing,,,,,,,,,,,,,,,,0.05,121.0,2.0
0.49531250000000004,0.49531250000000004,0.3779882902692817,1.1432931423187256,"{'classifier:__choice__': 'LOFClassifier', 'data_preprocessor:__choice__': 'NoPreprocessing', 'feature_preprocessor:__choice__': 'no_preprocessing', 'classifier:LOFClassifier:contamination': 0.25, 'classifier:LOFClassifier:n_neighbors': 196, 'classifier:LOFClassifier:p': 2}",165,Success,0.0,LOFClassifier,NoPreprocessing,no_preprocessing,,,,,,,,,,,,,,,,0.25,196.0,2.0
0.5519791666666667,0.5519791666666667,0.41539327029203577,2.2690229415893555,"{'classifier:__choice__': 'KNNClassifier', 'data_preprocessor:__choice__': 'NoPreprocessing', 'feature_preprocessor:__choice__': 'no_preprocessing', 'classifier:KNNClassifier:contamination': 0.15000000000000002, 'classifier:KNNClassifier:method': 'largest', 'classifier:KNNClassifier:n_neighbors': 51, 'classifier:KNNClassifier:p': 2}",41,Success,0.0,KNNClassifier,NoPreprocessing,no_preprocessing,,,,,,,,,,,,0.15000000000000002,largest,51.0,2.0,,,
0.5498958333333334,0.5498958333333334,0.4140352371610606,2.251265048980713,"{'classifier:__choice__': 'KNNClassifier', 'data_preprocessor:__choice__': 'NoPreprocessing', 'feature_preprocessor:__choice__': 'no_preprocessing', 'classifier:KNNClassifier:contamination': 0.1, 'classifier:KNNClassifier:method': 'largest', 'classifier:KNNClassifier:n_neighbors': 73, 'classifier:KNNClassifier:p': 2}",80,Success,0.0,KNNClassifier,NoPreprocessing,no_preprocessing,,,,,,,,,,,,0.1,largest,73.0,2.0,,,
0.4373958333333333,0.4373958333333333,0.3499632983201977,1.0918521881103516,"{'classifier:__choice__': 'LOFClassifier', 'data_preprocessor:__choice__': 'NoPreprocessing', 'feature_preprocessor:__choice__': 'no_preprocessing', 'classifier:LOFClassifier:contamination': 0.2, 'classifier:LOFClassifier:n_neighbors': 77, 'classifier:LOFClassifier:p': 2}",248,Success,0.0,LOFClassifier,NoPreprocessing,no_preprocessing,,,,,,,,,,,,,,,,0.2,77.0,2.0
0.45838541666666666,0.45838541666666666,0.3970652524160585,1.060230016708374,"{'classifier:__choice__': 'LOFClassifier', 'data_preprocessor:__choice__': 'NoPreprocessing', 'feature_preprocessor:__choice__': 'no_preprocessing', 'classifier:LOFClassifier:contamination': 0.35000000000000003, 'classifier:LOFClassifier:n_neighbors': 4, 'classifier:LOFClassifier:p': 2}",219,Success,0.0,LOFClassifier,NoPreprocessing,no_preprocessing,,,,,,,,,,,,,,,,0.35000000000000003,4.0,2.0
0.4430208333333334,0.4430208333333334,0.3527151429269977,1.128291368484497,"{'classifier:__choice__': 'LOFClassifier', 'data_preprocessor:__choice__': 'NoPreprocessing', 'feature_preprocessor:__choice__': 'no_preprocessing', 'classifier:LOFClassifier:contamination': 0.15000000000000002, 'classifier:LOFClassifier:n_neighbors': 82, 'classifier:LOFClassifier:p': 2}",244,Success,0.0,LOFClassifier,NoPreprocessing,no_preprocessing,,,,,,,,,,,,,,,,0.15000000000000002,82.0,2.0
0.5430208333333333,0.5430208333333333,0.42065768189137764,2.66282057762146,"{'classifier:__choice__': 'IForestClassifier', 'data_preprocessor:__choice__': 'NoPreprocessing', 'feature_preprocessor:__choice__': 'no_preprocessing', 'classifier:IForestClassifier:bootstrap': 'False', 'classifier:IForestClassifier:contamination': 0.3, 'classifier:IForestClassifier:max_features': 1.0, 'classifier:IForestClassifier:max_samples': 0.75, 'classifier:IForestClassifier:n_estimators': 190}",129,Success,0.0,IForestClassifier,NoPreprocessing,no_preprocessing,,,,,,,False,0.3,1.0,0.75,190.0,,,,,,,
0.3332291666666667,0.3332291666666667,0.31120271101499253,2.475834846496582,"{'classifier:__choice__': 'CBLOFClassifier', 'data_preprocessor:__choice__': 'NoPreprocessing', 'feature_preprocessor:__choice__': 'no_preprocessing', 'classifier:CBLOFClassifier:alpha': 0.95, 'classifier:CBLOFClassifier:beta': 12, 'classifier:CBLOFClassifier:contamination': 0.4, 'classifier:CBLOFClassifier:n_clusters': 8, 'classifier:CBLOFClassifier:use_weights': 'False'}",286,Success,0.0,CBLOFClassifier,NoPreprocessing,no_preprocessing,0.95,12.0,0.4,8.0,False,,,,,,,,,,,,,
0.3318749999999999,0.3318749999999999,0.3080976996724012,2.5526769161224365,"{'classifier:__choice__': 'CBLOFClassifier', 'data_preprocessor:__choice__': 'NoPreprocessing', 'feature_preprocessor:__choice__': 'no_preprocessing', 'classifier:CBLOFClassifier:alpha': 0.6, 'classifier:CBLOFClassifier:beta': 18, 'classifier:CBLOFClassifier:contamination': 0.4, 'classifier:CBLOFClassifier:n_clusters': 14, 'classifier:CBLOFClassifier:use_weights': 'False'}",294,Success,0.0,CBLOFClassifier,NoPreprocessing,no_preprocessing,0.6,18.0,0.4,14.0,False,,,,,,,,,,,,,
0.4407291666666666,0.4407291666666666,0.35929560825167806,2.556407928466797,"{'classifier:__choice__': 'CBLOFClassifier', 'data_preprocessor:__choice__': 'NoPreprocessing', 'feature_preprocessor:__choice__': 'no_preprocessing', 'classifier:CBLOFClassifier:alpha': 0.9, 'classifier:CBLOFClassifier:beta': 14, 'classifier:CBLOFClassifier:contamination': 0.25, 'classifier:CBLOFClassifier:n_clusters': 12, 'classifier:CBLOFClassifier:use_weights': 'False'}",245,Success,0.0,CBLOFClassifier,NoPreprocessing,no_preprocessing,0.9,14.0,0.25,12.0,False,,,,,,,,,,,,,
0.33010416666666664,0.33010416666666664,0.3103976955893182,2.476919412612915,"{'classifier:__choice__': 'CBLOFClassifier', 'data_preprocessor:__choice__': 'NoPreprocessing', 'feature_preprocessor:__choice__': 'no_preprocessing', 'classifier:CBLOFClassifier:alpha': 0.8, 'classifier:CBLOFClassifier:beta': 16, 'classifier:CBLOFClassifier:contamination': 0.3, 'classifier:CBLOFClassifier:n_clusters': 8, 'classifier:CBLOFClassifier:use_weights': 'False'}",298,Success,0.0,CBLOFClassifier,NoPreprocessing,no_preprocessing,0.8,16.0,0.3,8.0,False,,,,,,,,,,,,,
0.5501041666666666,0.5501041666666666,0.4274882000952187,2.60614013671875,"{'classifier:__choice__': 'IForestClassifier', 'data_preprocessor:__choice__': 'NoPreprocessing', 'feature_preprocessor:__choice__': 'no_preprocessing', 'classifier:IForestClassifier:bootstrap': 'False', 'classifier:IForestClassifier:contamination': 0.05, 'classifier:IForestClassifier:max_features': 1.0, 'classifier:IForestClassifier:max_samples': 0.9000000000000001, 'classifier:IForestClassifier:n_estimators': 200}",75,Success,0.0,IForestClassifier,NoPreprocessing,no_preprocessing,,,,,,,False,0.05,1.0,0.9000000000000001,200.0,,,,,,,
0.3332291666666667,0.3332291666666667,0.31120271101499253,2.546215534210205,"{'classifier:__choice__': 'CBLOFClassifier', 'data_preprocessor:__choice__': 'NoPreprocessing', 'feature_preprocessor:__choice__': 'no_preprocessing', 'classifier:CBLOFClassifier:alpha': 0.95, 'classifier:CBLOFClassifier:beta': 16, 'classifier:CBLOFClassifier:contamination': 0.25, 'classifier:CBLOFClassifier:n_clusters': 8, 'classifier:CBLOFClassifier:use_weights': 'False'}",286,Success,0.0,CBLOFClassifier,NoPreprocessing,no_preprocessing,0.95,16.0,0.25,8.0,False,,,,,,,,,,,,,
0.5225,0.5225,0.41127001855537904,1.1810357570648193,"{'classifier:__choice__': 'IForestClassifier', 'data_preprocessor:__choice__': 'NoPreprocessing', 'feature_preprocessor:__choice__': 'no_preprocessing', 'classifier:IForestClassifier:bootstrap': 'False', 'classifier:IForestClassifier:contamination': 0.4, 'classifier:IForestClassifier:max_features': 1.0, 'classifier:IForestClassifier:max_samples': 0.8500000000000001, 'classifier:IForestClassifier:n_estimators': 60}",156,Success,0.0,IForestClassifier,NoPreprocessing,no_preprocessing,,,,,,,False,0.4,1.0,0.8500000000000001,60.0,,,,,,,
0.5395833333333333,0.5395833333333333,0.4184223585924841,2.336250066757202,"{'classifier:__choice__': 'IForestClassifier', 'data_preprocessor:__choice__': 'NoPreprocessing', 'feature_preprocessor:__choice__': 'no_preprocessing', 'classifier:IForestClassifier:bootstrap': 'False', 'classifier:IForestClassifier:contamination': 0.3, 'classifier:IForestClassifier:max_features': 1.0, 'classifier:IForestClassifier:max_samples': 0.75, 'classifier:IForestClassifier:n_estimators': 170}",138,Success,0.0,IForestClassifier,NoPreprocessing,no_preprocessing,,,,,,,False,0.3,1.0,0.75,170.0,,,,,,,
0.5505208333333333,0.5505208333333333,0.4330140625093595,1.1449177265167236,"{'classifier:__choice__': 'IForestClassifier', 'data_preprocessor:__choice__': 'NoPreprocessing', 'feature_preprocessor:__choice__': 'no_preprocessing', 'classifier:IForestClassifier:bootstrap': 'False', 'classifier:IForestClassifier:contamination': 0.45, 'classifier:IForestClassifier:max_features': 1.0, 'classifier:IForestClassifier:max_samples': 0.8, 'classifier:IForestClassifier:n_estimators': 55}",69,Success,0.0,IForestClassifier,NoPreprocessing,no_preprocessing,,,,,,,False,0.45,1.0,0.8,55.0,,,,,,,
0.5523958333333333,0.5523958333333333,0.4152592842414703,2.2961957454681396,"{'classifier:__choice__': 'KNNClassifier', 'data_preprocessor:__choice__': 'NoPreprocessing', 'feature_preprocessor:__choice__': 'no_preprocessing', 'classifier:KNNClassifier:contamination': 0.4, 'classifier:KNNClassifier:method': 'largest', 'classifier:KNNClassifier:n_neighbors': 48, 'classifier:KNNClassifier:p': 2}",39,Success,0.0,KNNClassifier,NoPreprocessing,no_preprocessing,,,,,,,,,,,,0.4,largest,48.0,2.0,,,
0.5496875,0.5496875,0.41412409758619995,2.2033915519714355,"{'classifier:__choice__': 'KNNClassifier', 'data_preprocessor:__choice__': 'NoPreprocessing', 'feature_preprocessor:__choice__': 'no_preprocessing', 'classifier:KNNClassifier:contamination': 0.05, 'classifier:KNNClassifier:method': 'largest', 'classifier:KNNClassifier:n_neighbors': 64, 'classifier:KNNClassifier:p': 2}",85,Success,0.0,KNNClassifier,NoPreprocessing,no_preprocessing,,,,,,,,,,,,0.05,largest,64.0,2.0,,,
0.5387500000000001,0.5387500000000001,0.41816060037353375,1.6757521629333496,"{'classifier:__choice__': 'IForestClassifier', 'data_preprocessor:__choice__': 'NoPreprocessing', 'feature_preprocessor:__choice__': 'no_preprocessing', 'classifier:IForestClassifier:bootstrap': 'False', 'classifier:IForestClassifier:contamination': 0.25, 'classifier:IForestClassifier:max_features': 1.0, 'classifier:IForestClassifier:max_samples': 0.7, 'classifier:IForestClassifier:n_estimators': 95}",139,Success,0.0,IForestClassifier,NoPreprocessing,no_preprocessing,,,,,,,False,0.25,1.0,0.7,95.0,,,,,,,
0.5419791666666667,0.5419791666666667,0.4228535338458861,1.6885559558868408,"{'classifier:__choice__': 'IForestClassifier', 'data_preprocessor:__choice__': 'NoPreprocessing', 'feature_preprocessor:__choice__': 'no_preprocessing', 'classifier:IForestClassifier:bootstrap': 'False', 'classifier:IForestClassifier:contamination': 0.5, 'classifier:IForestClassifier:max_features': 1.0, 'classifier:IForestClassifier:max_samples': 0.5, 'classifier:IForestClassifier:n_estimators': 110}",135,Success,0.0,IForestClassifier,NoPreprocessing,no_preprocessing,,,,,,,False,0.5,1.0,0.5,110.0,,,,,,,
0.4966666666666667,0.4966666666666667,0.38622296180302884,1.0300147533416748,"{'classifier:__choice__': 'LOFClassifier', 'data_preprocessor:__choice__': 'NoPreprocessing', 'feature_preprocessor:__choice__': 'no_preprocessing', 'classifier:LOFClassifier:contamination': 0.2, 'classifier:LOFClassifier:n_neighbors': 13, 'classifier:LOFClassifier:p': 2}",164,Success,0.0,LOFClassifier,NoPreprocessing,no_preprocessing,,,,,,,,,,,,,,,,0.2,13.0,2.0
0.43833333333333335,0.43833333333333335,0.35020358331323886,1.0534000396728516,"{'classifier:__choice__': 'LOFClassifier', 'data_preprocessor:__choice__': 'NoPreprocessing', 'feature_preprocessor:__choice__': 'no_preprocessing', 'classifier:LOFClassifier:contamination': 0.4, 'classifier:LOFClassifier:n_neighbors': 79, 'classifier:LOFClassifier:p': 2}",246,Success,0.0,LOFClassifier,NoPreprocessing,no_preprocessing,,,,,,,,,,,,,,,,0.4,79.0,2.0
0.6136458333333333,0.6136458333333333,0.4901285889005096,1.11293363571167,"{'classifier:__choice__': 'COPODClassifier', 'data_preprocessor:__choice__': 'NoPreprocessing', 'feature_preprocessor:__choice__': 'no_preprocessing', 'classifier:COPODClassifier:contamination': 0.35000000000000003}",1,Success,0.0,COPODClassifier,NoPreprocessing,no_preprocessing,,,,,,0.35000000000000003,,,,,,,,,,,,
0.42989583333333337,0.42989583333333337,0.3468183114765805,2.4559831619262695,"{'classifier:__choice__': 'CBLOFClassifier', 'data_preprocessor:__choice__': 'NoPreprocessing', 'feature_preprocessor:__choice__': 'no_preprocessing', 'classifier:CBLOFClassifier:alpha': 0.95, 'classifier:CBLOFClassifier:beta': 12, 'classifier:CBLOFClassifier:contamination': 0.25, 'classifier:CBLOFClassifier:n_clusters': 4, 'classifier:CBLOFClassifier:use_weights': 'False'}",250,Success,0.0,CBLOFClassifier,NoPreprocessing,no_preprocessing,0.95,12.0,0.25,4.0,False,,,,,,,,,,,,,
0.5296875000000001,0.5296875000000001,0.41492954115661207,2.5009701251983643,"{'classifier:__choice__': 'IForestClassifier', 'data_preprocessor:__choice__': 'NoPreprocessing', 'feature_preprocessor:__choice__': 'no_preprocessing', 'classifier:IForestClassifier:bootstrap': 'False', 'classifier:IForestClassifier:contamination': 0.35000000000000003, 'classifier:IForestClassifier:max_features': 1.0, 'classifier:IForestClassifier:max_samples': 0.5, 'classifier:IForestClassifier:n_estimators': 180}",151,Success,0.0,IForestClassifier,NoPreprocessing,no_preprocessing,,,,,,,False,0.35000000000000003,1.0,0.5,180.0,,,,,,,
0.3455208333333333,0.3455208333333333,0.3153969074102172,2.491971254348755,"{'classifier:__choice__': 'CBLOFClassifier', 'data_preprocessor:__choice__': 'NoPreprocessing', 'feature_preprocessor:__choice__': 'no_preprocessing', 'classifier:CBLOFClassifier:alpha': 0.5, 'classifier:CBLOFClassifier:beta': 10, 'classifier:CBLOFClassifier:contamination': 0.1, 'classifier:CBLOFClassifier:n_clusters': 8, 'classifier:CBLOFClassifier:use_weights': 'False'}",278,Success,0.0,CBLOFClassifier,NoPreprocessing,no_preprocessing,0.5,10.0,0.1,8.0,False,,,,,,,,,,,,,
0.0,,,0.5332510471343994,"{'classifier:__choice__': 'CBLOFClassifier', 'data_preprocessor:__choice__': 'NoPreprocessing', 'feature_preprocessor:__choice__': 'no_preprocessing', 'classifier:CBLOFClassifier:alpha': 1.0, 'classifier:CBLOFClassifier:beta': 20, 'classifier:CBLOFClassifier:contamination': 0.05, 'classifier:CBLOFClassifier:n_clusters': 10, 'classifier:CBLOFClassifier:use_weights': 'False'}",303,Crash,0.0,CBLOFClassifier,NoPreprocessing,no_preprocessing,1.0,20.0,0.05,10.0,False,,,,,,,,,,,,,
0.4870833333333333,0.4870833333333333,0.3741082904732964,1.1162762641906738,"{'classifier:__choice__': 'LOFClassifier', 'data_preprocessor:__choice__': 'NoPreprocessing', 'feature_preprocessor:__choice__': 'no_preprocessing', 'classifier:LOFClassifier:contamination': 0.5, 'classifier:LOFClassifier:n_neighbors': 166, 'classifier:LOFClassifier:p': 2}",182,Success,0.0,LOFClassifier,NoPreprocessing,no_preprocessing,,,,,,,,,,,,,,,,0.5,166.0,2.0
0.5560416666666667,0.5560416666666667,0.43194654229355867,2.1664483547210693,"{'classifier:__choice__': 'IForestClassifier', 'data_preprocessor:__choice__': 'NoPreprocessing', 'feature_preprocessor:__choice__': 'no_preprocessing', 'classifier:IForestClassifier:bootstrap': 'False', 'classifier:IForestClassifier:contamination': 0.1, 'classifier:IForestClassifier:max_features': 1.0, 'classifier:IForestClassifier:max_samples': 0.30000000000000004, 'classifier:IForestClassifier:n_estimators': 150}",29,Success,0.0,IForestClassifier,NoPreprocessing,no_preprocessing,,,,,,,False,0.1,1.0,0.30000000000000004,150.0,,,,,,,
0.3320833333333333,0.3320833333333333,0.31091435837194614,2.509782552719116,"{'classifier:__choice__': 'CBLOFClassifier', 'data_preprocessor:__choice__': 'NoPreprocessing', 'feature_preprocessor:__choice__': 'no_preprocessing', 'classifier:CBLOFClassifier:alpha': 0.8500000000000001, 'classifier:CBLOFClassifier:beta': 4, 'classifier:CBLOFClassifier:contamination': 0.05, 'classifier:CBLOFClassifier:n_clusters': 8, 'classifier:CBLOFClassifier:use_weights': 'False'}",290,Success,0.0,CBLOFClassifier,NoPreprocessing,no_preprocessing,0.8500000000000001,4.0,0.05,8.0,False,,,,,,,,,,,,,
0.5493750000000001,0.5493750000000001,0.4116581414604523,2.065617084503174,"{'classifier:__choice__': 'KNNClassifier', 'data_preprocessor:__choice__': 'NoPreprocessing', 'feature_preprocessor:__choice__': 'no_preprocessing', 'classifier:KNNClassifier:contamination': 0.25, 'classifier:KNNClassifier:method': 'largest', 'classifier:KNNClassifier:n_neighbors': 28, 'classifier:KNNClassifier:p': 2}",92,Success,0.0,KNNClassifier,NoPreprocessing,no_preprocessing,,,,,,,,,,,,0.25,largest,28.0,2.0,,,
0.5509375,0.5509375,0.41408030531989304,2.2266533374786377,"{'classifier:__choice__': 'KNNClassifier', 'data_preprocessor:__choice__': 'NoPreprocessing', 'feature_preprocessor:__choice__': 'no_preprocessing', 'classifier:KNNClassifier:contamination': 0.1, 'classifier:KNNClassifier:method': 'largest', 'classifier:KNNClassifier:n_neighbors': 34, 'classifier:KNNClassifier:p': 2}",57,Success,0.0,KNNClassifier,NoPreprocessing,no_preprocessing,,,,,,,,,,,,0.1,largest,34.0,2.0,,,
0.48510416666666667,0.48510416666666667,0.3728334309079815,1.2900266647338867,"{'classifier:__choice__': 'LOFClassifier', 'data_preprocessor:__choice__': 'NoPreprocessing', 'feature_preprocessor:__choice__': 'no_preprocessing', 'classifier:LOFClassifier:contamination': 0.5, 'classifier:LOFClassifier:n_neighbors': 160, 'classifier:LOFClassifier:p': 2}",186,Success,0.0,LOFClassifier,NoPreprocessing,no_preprocessing,,,,,,,,,,,,,,,,0.5,160.0,2.0
0.49312500000000004,0.49312500000000004,0.37659858343545527,1.1252503395080566,"{'classifier:__choice__': 'LOFClassifier', 'data_preprocessor:__choice__': 'NoPreprocessing', 'feature_preprocessor:__choice__': 'no_preprocessing', 'classifier:LOFClassifier:contamination': 0.35000000000000003, 'classifier:LOFClassifier:n_neighbors': 188, 'classifier:LOFClassifier:p': 2}",171,Success,0.0,LOFClassifier,NoPreprocessing,no_preprocessing,,,,,,,,,,,,,,,,0.35000000000000003,188.0,2.0
0.3320833333333333,0.3320833333333333,0.31091435837194614,2.6410155296325684,"{'classifier:__choice__': 'CBLOFClassifier', 'data_preprocessor:__choice__': 'NoPreprocessing', 'feature_preprocessor:__choice__': 'no_preprocessing', 'classifier:CBLOFClassifier:alpha': 0.6, 'classifier:CBLOFClassifier:beta': 6, 'classifier:CBLOFClassifier:contamination': 0.5, 'classifier:CBLOFClassifier:n_clusters': 8, 'classifier:CBLOFClassifier:use_weights': 'False'}",290,Success,0.0,CBLOFClassifier,NoPreprocessing,no_preprocessing,0.6,6.0,0.5,8.0,False,,,,,,,,,,,,,
0.5491666666666667,0.5491666666666667,0.4139795237965691,2.1837613582611084,"{'classifier:__choice__': 'KNNClassifier', 'data_preprocessor:__choice__': 'NoPreprocessing', 'feature_preprocessor:__choice__': 'no_preprocessing', 'classifier:KNNClassifier:contamination': 0.5, 'classifier:KNNClassifier:method': 'largest', 'classifier:KNNClassifier:n_neighbors': 82, 'classifier:KNNClassifier:p': 2}",97,Success,0.0,KNNClassifier,NoPreprocessing,no_preprocessing,,,,,,,,,,,,0.5,largest,82.0,2.0,,,
0.3455208333333333,0.3455208333333333,0.3153969074102172,2.630417823791504,"{'classifier:__choice__': 'CBLOFClassifier', 'data_preprocessor:__choice__': 'NoPreprocessing', 'feature_preprocessor:__choice__': 'no_preprocessing', 'classifier:CBLOFClassifier:alpha': 0.6, 'classifier:CBLOFClassifier:beta': 16, 'classifier:CBLOFClassifier:contamination': 0.05, 'classifier:CBLOFClassifier:n_clusters': 8, 'classifier:CBLOFClassifier:use_weights': 'False'}",278,Success,0.0,CBLOFClassifier,NoPreprocessing,no_preprocessing,0.6,16.0,0.05,8.0,False,,,,,,,,,,,,,
0.5498958333333334,0.5498958333333334,0.4140352371610606,2.2309048175811768,"{'classifier:__choice__': 'KNNClassifier', 'data_preprocessor:__choice__': 'NoPreprocessing', 'feature_preprocessor:__choice__': 'no_preprocessing', 'classifier:KNNClassifier:contamination': 0.15000000000000002, 'classifier:KNNClassifier:method': 'largest', 'classifier:KNNClassifier:n_neighbors': 73, 'classifier:KNNClassifier:p': 2}",80,Success,0.0,KNNClassifier,NoPreprocessing,no_preprocessing,,,,,,,,,,,,0.15000000000000002,largest,73.0,2.0,,,
0.5685416666666666,0.5685416666666666,0.4523620194780513,1.2915873527526855,"{'classifier:__choice__': 'IForestClassifier', 'data_preprocessor:__choice__': 'NoPreprocessing', 'feature_preprocessor:__choice__': 'no_preprocessing', 'classifier:IForestClassifier:bootstrap': 'False', 'classifier:IForestClassifier:contamination': 0.2, 'classifier:IForestClassifier:max_features': 1.0, 'classifier:IForestClassifier:max_samples': 0.25, 'classifier:IForestClassifier:n_estimators': 70}",18,Success,0.0,IForestClassifier,NoPreprocessing,no_preprocessing,,,,,,,False,0.2,1.0,0.25,70.0,,,,,,,
0.3587499999999999,0.3587499999999999,0.31772913518038437,2.5904297828674316,"{'classifier:__choice__': 'CBLOFClassifier', 'data_preprocessor:__choice__': 'NoPreprocessing', 'feature_preprocessor:__choice__': 'no_preprocessing', 'classifier:CBLOFClassifier:alpha': 0.5, 'classifier:CBLOFClassifier:beta': 16, 'classifier:CBLOFClassifier:contamination': 0.1, 'classifier:CBLOFClassifier:n_clusters': 14, 'classifier:CBLOFClassifier:use_weights': 'False'}",276,Success,0.0,CBLOFClassifier,NoPreprocessing,no_preprocessing,0.5,16.0,0.1,14.0,False,,,,,,,,,,,,,
0.5513541666666667,0.5513541666666667,0.4161913289642585,2.3329105377197266,"{'classifier:__choice__': 'KNNClassifier', 'data_preprocessor:__choice__': 'NoPreprocessing', 'feature_preprocessor:__choice__': 'no_preprocessing', 'classifier:KNNClassifier:contamination': 0.45, 'classifier:KNNClassifier:method': 'largest', 'classifier:KNNClassifier:n_neighbors': 195, 'classifier:KNNClassifier:p': 2}",52,Success,0.0,KNNClassifier,NoPreprocessing,no_preprocessing,,,,,,,,,,,,0.45,largest,195.0,2.0,,,
0.5507291666666666,0.5507291666666666,0.4154662406228564,2.4999358654022217,"{'classifier:__choice__': 'KNNClassifier', 'data_preprocessor:__choice__': 'NoPreprocessing', 'feature_preprocessor:__choice__': 'no_preprocessing', 'classifier:KNNClassifier:contamination': 0.25, 'classifier:KNNClassifier:method': 'largest', 'classifier:KNNClassifier:n_neighbors': 172, 'classifier:KNNClassifier:p': 2}",61,Success,0.0,KNNClassifier,NoPreprocessing,no_preprocessing,,,,,,,,,,,,0.25,largest,172.0,2.0,,,
0.40593750000000006,0.40593750000000006,0.3420631725325539,1.1295747756958008,"{'classifier:__choice__': 'LOFClassifier', 'data_preprocessor:__choice__': 'NoPreprocessing', 'feature_preprocessor:__choice__': 'no_preprocessing', 'classifier:LOFClassifier:contamination': 0.1, 'classifier:LOFClassifier:n_neighbors': 48, 'classifier:LOFClassifier:p': 2}",272,Success,0.0,LOFClassifier,NoPreprocessing,no_preprocessing,,,,,,,,,,,,,,,,0.1,48.0,2.0
0.6136458333333333,0.6136458333333333,0.4901285889005096,1.0658042430877686,"{'classifier:__choice__': 'COPODClassifier', 'data_preprocessor:__choice__': 'NoPreprocessing', 'feature_preprocessor:__choice__': 'no_preprocessing', 'classifier:COPODClassifier:contamination': 0.1}",1,Success,0.0,COPODClassifier,NoPreprocessing,no_preprocessing,,,,,,0.1,,,,,,,,,,,,
0.5515625,0.5515625,0.4146171860396084,2.113494634628296,"{'classifier:__choice__': 'KNNClassifier', 'data_preprocessor:__choice__': 'NoPreprocessing', 'feature_preprocessor:__choice__': 'no_preprocessing', 'classifier:KNNClassifier:contamination': 0.25, 'classifier:KNNClassifier:method': 'largest', 'classifier:KNNClassifier:n_neighbors': 38, 'classifier:KNNClassifier:p': 2}",45,Success,0.0,KNNClassifier,NoPreprocessing,no_preprocessing,,,,,,,,,,,,0.25,largest,38.0,2.0,,,
0.42989583333333337,0.42989583333333337,0.3468183114765805,2.332669734954834,"{'classifier:__choice__': 'CBLOFClassifier', 'data_preprocessor:__choice__': 'NoPreprocessing', 'feature_preprocessor:__choice__': 'no_preprocessing', 'classifier:CBLOFClassifier:alpha': 0.6, 'classifier:CBLOFClassifier:beta': 6, 'classifier:CBLOFClassifier:contamination': 0.1, 'classifier:CBLOFClassifier:n_clusters': 4, 'classifier:CBLOFClassifier:use_weights': 'False'}",250,Success,0.0,CBLOFClassifier,NoPreprocessing,no_preprocessing,0.6,6.0,0.1,4.0,False,,,,,,,,,,,,,
0.45354166666666673,0.45354166666666673,0.35459333298348117,2.2925467491149902,"{'classifier:__choice__': 'CBLOFClassifier', 'data_preprocessor:__choice__': 'NoPreprocessing', 'feature_preprocessor:__choice__': 'no_preprocessing', 'classifier:CBLOFClassifier:alpha': 0.65, 'classifier:CBLOFClassifier:beta': 4, 'classifier:CBLOFClassifier:contamination': 0.5, 'classifier:CBLOFClassifier:n_clusters': 10, 'classifier:CBLOFClassifier:use_weights': 'False'}",229,Success,0.0,CBLOFClassifier,NoPreprocessing,no_preprocessing,0.65,4.0,0.5,10.0,False,,,,,,,,,,,,,
0.4898958333333334,0.4898958333333334,0.3756266958635941,1.158522367477417,"{'classifier:__choice__': 'LOFClassifier', 'data_preprocessor:__choice__': 'NoPreprocessing', 'feature_preprocessor:__choice__': 'no_preprocessing', 'classifier:LOFClassifier:contamination': 0.4, 'classifier:LOFClassifier:n_neighbors': 181, 'classifier:LOFClassifier:p': 2}",177,Success,0.0,LOFClassifier,NoPreprocessing,no_preprocessing,,,,,,,,,,,,,,,,0.4,181.0,2.0
0.5489583333333333,0.5489583333333333,0.42250453526096243,1.9033946990966797,"{'classifier:__choice__': 'IForestClassifier', 'data_preprocessor:__choice__': 'NoPreprocessing', 'feature_preprocessor:__choice__': 'no_preprocessing', 'classifier:IForestClassifier:bootstrap': 'False', 'classifier:IForestClassifier:contamination': 0.2, 'classifier:IForestClassifier:max_features': 1.0, 'classifier:IForestClassifier:max_samples': 0.7, 'classifier:IForestClassifier:n_estimators': 120}",100,Success,0.0,IForestClassifier,NoPreprocessing,no_preprocessing,,,,,,,False,0.2,1.0,0.7,120.0,,,,,,,
0.42104166666666676,0.42104166666666676,0.34030122977477184,2.2690625190734863,"{'classifier:__choice__': 'CBLOFClassifier', 'data_preprocessor:__choice__': 'NoPreprocessing', 'feature_preprocessor:__choice__': 'no_preprocessing', 'classifier:CBLOFClassifier:alpha': 0.8500000000000001, 'classifier:CBLOFClassifier:beta': 2, 'classifier:CBLOFClassifier:contamination': 0.5, 'classifier:CBLOFClassifier:n_clusters': 6, 'classifier:CBLOFClassifier:use_weights': 'False'}",261,Success,0.0,CBLOFClassifier,NoPreprocessing,no_preprocessing,0.8500000000000001,2.0,0.5,6.0,False,,,,,,,,,,,,,
0.48812500000000003,0.48812500000000003,0.37460625517022117,1.15437650680542,"{'classifier:__choice__': 'LOFClassifier', 'data_preprocessor:__choice__': 'NoPreprocessing', 'feature_preprocessor:__choice__': 'no_preprocessing', 'classifier:LOFClassifier:contamination': 0.35000000000000003, 'classifier:LOFClassifier:n_neighbors': 169, 'classifier:LOFClassifier:p': 2}",180,Success,0.0,LOFClassifier,NoPreprocessing,no_preprocessing,,,,,,,,,,,,,,,,0.35000000000000003,169.0,2.0
0.5539583333333333,0.5539583333333333,0.42400698670685977,2.2701938152313232,"{'classifier:__choice__': 'CBLOFClassifier', 'data_preprocessor:__choice__': 'NoPreprocessing', 'feature_preprocessor:__choice__': 'no_preprocessing', 'classifier:CBLOFClassifier:alpha': 0.8500000000000001, 'classifier:CBLOFClassifier:beta': 6, 'classifier:CBLOFClassifier:contamination': 0.25, 'classifier:CBLOFClassifier:n_clusters': 2, 'classifier:CBLOFClassifier:use_weights': 'False'}",30,Success,0.0,CBLOFClassifier,NoPreprocessing,no_preprocessing,0.8500000000000001,6.0,0.25,2.0,False,,,,,,,,,,,,,
0.49312500000000004,0.49312500000000004,0.37659858343545527,1.1608941555023193,"{'classifier:__choice__': 'LOFClassifier', 'data_preprocessor:__choice__': 'NoPreprocessing', 'feature_preprocessor:__choice__': 'no_preprocessing', 'classifier:LOFClassifier:contamination': 0.4, 'classifier:LOFClassifier:n_neighbors': 188, 'classifier:LOFClassifier:p': 2}",171,Success,0.0,LOFClassifier,NoPreprocessing,no_preprocessing,,,,,,,,,,,,,,,,0.4,188.0,2.0
0.5459375000000001,0.5459375000000001,0.42738258327735446,1.3922004699707031,"{'classifier:__choice__': 'IForestClassifier', 'data_preprocessor:__choice__': 'NoPreprocessing', 'feature_preprocessor:__choice__': 'no_preprocessing', 'classifier:IForestClassifier:bootstrap': 'False', 'classifier:IForestClassifier:contamination': 0.1, 'classifier:IForestClassifier:max_features': 1.0, 'classifier:IForestClassifier:max_samples': 0.55, 'classifier:IForestClassifier:n_estimators': 80}",124,Success,0.0,IForestClassifier,NoPreprocessing,no_preprocessing,,,,,,,False,0.1,1.0,0.55,80.0,,,,,,,
0.5632291666666666,0.5632291666666666,0.435890656131976,2.1019294261932373,"{'classifier:__choice__': 'IForestClassifier', 'data_preprocessor:__choice__': 'NoPreprocessing', 'feature_preprocessor:__choice__': 'no_preprocessing', 'classifier:IForestClassifier:bootstrap': 'False', 'classifier:IForestClassifier:contamination': 0.4, 'classifier:IForestClassifier:max_features': 1.0, 'classifier:IForestClassifier:max_samples': 0.95, 'classifier:IForestClassifier:n_estimators': 135}",23,Success,0.0,IForestClassifier,NoPreprocessing,no_preprocessing,,,,,,,False,0.4,1.0,0.95,135.0,,,,,,,
0.51171875,0.51171875,0.4130433005536327,0.9047846794128418,"{'classifier:__choice__': 'IForestClassifier', 'data_preprocessor:__choice__': 'NoPreprocessing', 'feature_preprocessor:__choice__': 'no_preprocessing', 'classifier:IForestClassifier:bootstrap': 'False', 'classifier:IForestClassifier:contamination': 0.5, 'classifier:IForestClassifier:max_features': 1.0, 'classifier:IForestClassifier:max_samples': 0.55, 'classifier:IForestClassifier:n_estimators': 30}",159,Success,0.0,IForestClassifier,NoPreprocessing,no_preprocessing,,,,,,,False,0.5,1.0,0.55,30.0,,,,,,,
0.4526041666666667,0.4526041666666667,0.3542958587608436,2.3180525302886963,"{'classifier:__choice__': 'CBLOFClassifier', 'data_preprocessor:__choice__': 'NoPreprocessing', 'feature_preprocessor:__choice__': 'no_preprocessing', 'classifier:CBLOFClassifier:alpha': 0.7, 'classifier:CBLOFClassifier:beta': 10, 'classifier:CBLOFClassifier:contamination': 0.45, 'classifier:CBLOFClassifier:n_clusters': 10, 'classifier:CBLOFClassifier:use_weights': 'False'}",230,Success,0.0,CBLOFClassifier,NoPreprocessing,no_preprocessing,0.7,10.0,0.45,10.0,False,,,,,,,,,,,,,
0.5514583333333333,0.5514583333333333,0.4159121421812384,2.393808126449585,"{'classifier:__choice__': 'KNNClassifier', 'data_preprocessor:__choice__': 'NoPreprocessing', 'feature_preprocessor:__choice__': 'no_preprocessing', 'classifier:KNNClassifier:contamination': 0.4, 'classifier:KNNClassifier:method': 'largest', 'classifier:KNNClassifier:n_neighbors': 181, 'classifier:KNNClassifier:p': 2}",51,Success,0.0,KNNClassifier,NoPreprocessing,no_preprocessing,,,,,,,,,,,,0.4,largest,181.0,2.0,,,
0.5506249999999999,0.5506249999999999,0.414727709638116,2.3448493480682373,"{'classifier:__choice__': 'KNNClassifier', 'data_preprocessor:__choice__': 'NoPreprocessing', 'feature_preprocessor:__choice__': 'no_preprocessing', 'classifier:KNNClassifier:contamination': 0.05, 'classifier:KNNClassifier:method': 'largest', 'classifier:KNNClassifier:n_neighbors': 66, 'classifier:KNNClassifier:p': 2}",67,Success,0.0,KNNClassifier,NoPreprocessing,no_preprocessing,,,,,,,,,,,,0.05,largest,66.0,2.0,,,
0.4491666666666667,0.4491666666666667,0.35526374005960903,1.1719810962677002,"{'classifier:__choice__': 'LOFClassifier', 'data_preprocessor:__choice__': 'NoPreprocessing', 'feature_preprocessor:__choice__': 'no_preprocessing', 'classifier:LOFClassifier:contamination': 0.3, 'classifier:LOFClassifier:n_neighbors': 85, 'classifier:LOFClassifier:p': 2}",237,Success,0.0,LOFClassifier,NoPreprocessing,no_preprocessing,,,,,,,,,,,,,,,,0.3,85.0,2.0
0.4526041666666667,0.4526041666666667,0.3542958587608436,2.4097883701324463,"{'classifier:__choice__': 'CBLOFClassifier', 'data_preprocessor:__choice__': 'NoPreprocessing', 'feature_preprocessor:__choice__': 'no_preprocessing', 'classifier:CBLOFClassifier:alpha': 0.7, 'classifier:CBLOFClassifier:beta': 8, 'classifier:CBLOFClassifier:contamination': 0.35000000000000003, 'classifier:CBLOFClassifier:n_clusters': 10, 'classifier:CBLOFClassifier:use_weights': 'False'}",230,Success,0.0,CBLOFClassifier,NoPreprocessing,no_preprocessing,0.7,8.0,0.35000000000000003,10.0,False,,,,,,,,,,,,,
0.5499999999999999,0.5499999999999999,0.4144966418266628,2.1728034019470215,"{'classifier:__choice__': 'KNNClassifier', 'data_preprocessor:__choice__': 'NoPreprocessing', 'feature_preprocessor:__choice__': 'no_preprocessing', 'classifier:KNNClassifier:contamination': 0.35000000000000003, 'classifier:KNNClassifier:method': 'largest', 'classifier:KNNClassifier:n_neighbors': 70, 'classifier:KNNClassifier:p': 2}",77,Success,0.0,KNNClassifier,NoPreprocessing,no_preprocessing,,,,,,,,,,,,0.35000000000000003,largest,70.0,2.0,,,
0.6136458333333333,0.6136458333333333,0.4901285889005096,1.1755530834197998,"{'classifier:__choice__': 'COPODClassifier', 'data_preprocessor:__choice__': 'NoPreprocessing', 'feature_preprocessor:__choice__': 'no_preprocessing', 'classifier:COPODClassifier:contamination': 0.45}",1,Success,0.0,COPODClassifier,NoPreprocessing,no_preprocessing,,,,,,0.45,,,,,,,,,,,,
0.4075,0.4075,0.34237844433025943,1.0527899265289307,"{'classifier:__choice__': 'LOFClassifier', 'data_preprocessor:__choice__': 'NoPreprocessing', 'feature_preprocessor:__choice__': 'no_preprocessing', 'classifier:LOFClassifier:contamination': 0.2, 'classifier:LOFClassifier:n_neighbors': 47, 'classifier:LOFClassifier:p': 2}",270,Success,0.0,LOFClassifier,NoPreprocessing,no_preprocessing,,,,,,,,,,,,,,,,0.2,47.0,2.0
0.533125,0.533125,0.4254935249931291,1.2671937942504883,"{'classifier:__choice__': 'IForestClassifier', 'data_preprocessor:__choice__': 'NoPreprocessing', 'feature_preprocessor:__choice__': 'no_preprocessing', 'classifier:IForestClassifier:bootstrap': 'False', 'classifier:IForestClassifier:contamination': 0.25, 'classifier:IForestClassifier:max_features': 1.0, 'classifier:IForestClassifier:max_samples': 0.5, 'classifier:IForestClassifier:n_estimators': 70}",147,Success,0.0,IForestClassifier,NoPreprocessing,no_preprocessing,,,,,,,False,0.25,1.0,0.5,70.0,,,,,,,
0.3298958333333333,0.3298958333333333,0.3075734011065916,2.6696603298187256,"{'classifier:__choice__': 'CBLOFClassifier', 'data_preprocessor:__choice__': 'NoPreprocessing', 'feature_preprocessor:__choice__': 'no_preprocessing', 'classifier:CBLOFClassifier:alpha': 0.8, 'classifier:CBLOFClassifier:beta': 10, 'classifier:CBLOFClassifier:contamination': 0.25, 'classifier:CBLOFClassifier:n_clusters': 14, 'classifier:CBLOFClassifier:use_weights': 'False'}",301,Success,0.0,CBLOFClassifier,NoPreprocessing,no_preprocessing,0.8,10.0,0.25,14.0,False,,,,,,,,,,,,,
0.4526041666666667,0.4526041666666667,0.3542958587608436,2.5059030055999756,"{'classifier:__choice__': 'CBLOFClassifier', 'data_preprocessor:__choice__': 'NoPreprocessing', 'feature_preprocessor:__choice__': 'no_preprocessing', 'classifier:CBLOFClassifier:alpha': 0.7, 'classifier:CBLOFClassifier:beta': 14, 'classifier:CBLOFClassifier:contamination': 0.3, 'classifier:CBLOFClassifier:n_clusters': 10, 'classifier:CBLOFClassifier:use_weights': 'False'}",230,Success,0.0,CBLOFClassifier,NoPreprocessing,no_preprocessing,0.7,14.0,0.3,10.0,False,,,,,,,,,,,,,
0.5338541666666667,0.5338541666666667,0.414394461076925,1.725372076034546,"{'classifier:__choice__': 'IForestClassifier', 'data_preprocessor:__choice__': 'NoPreprocessing', 'feature_preprocessor:__choice__': 'no_preprocessing', 'classifier:IForestClassifier:bootstrap': 'False', 'classifier:IForestClassifier:contamination': 0.45, 'classifier:IForestClassifier:max_features': 1.0, 'classifier:IForestClassifier:max_samples': 0.65, 'classifier:IForestClassifier:n_estimators': 110}",146,Success,0.0,IForestClassifier,NoPreprocessing,no_preprocessing,,,,,,,False,0.45,1.0,0.65,110.0,,,,,,,
0.3455208333333333,0.3455208333333333,0.3153969074102172,2.5409066677093506,"{'classifier:__choice__': 'CBLOFClassifier', 'data_preprocessor:__choice__': 'NoPreprocessing', 'feature_preprocessor:__choice__': 'no_preprocessing', 'classifier:CBLOFClassifier:alpha': 0.6, 'classifier:CBLOFClassifier:beta': 18, 'classifier:CBLOFClassifier:contamination': 0.15000000000000002, 'classifier:CBLOFClassifier:n_clusters': 8, 'classifier:CBLOFClassifier:use_weights': 'False'}",278,Success,0.0,CBLOFClassifier,NoPreprocessing,no_preprocessing,0.6,18.0,0.15000000000000002,8.0,False,,,,,,,,,,,,,
0.33010416666666664,0.33010416666666664,0.3103976955893182,2.5526554584503174,"{'classifier:__choice__': 'CBLOFClassifier', 'data_preprocessor:__choice__': 'NoPreprocessing', 'feature_preprocessor:__choice__': 'no_preprocessing', 'classifier:CBLOFClassifier:alpha': 0.7, 'classifier:CBLOFClassifier:beta': 12, 'classifier:CBLOFClassifier:contamination': 0.3, 'classifier:CBLOFClassifier:n_clusters': 8, 'classifier:CBLOFClassifier:use_weights': 'False'}",298,Success,0.0,CBLOFClassifier,NoPreprocessing,no_preprocessing,0.7,12.0,0.3,8.0,False,,,,,,,,,,,,,
0.405,0.405,0.37201004686179795,1.045240879058838,"{'classifier:__choice__': 'LOFClassifier', 'data_preprocessor:__choice__': 'NoPreprocessing', 'feature_preprocessor:__choice__': 'no_preprocessing', 'classifier:LOFClassifier:contamination': 0.45, 'classifier:LOFClassifier:n_neighbors': 37, 'classifier:LOFClassifier:p': 2}",274,Success,0.0,LOFClassifier,NoPreprocessing,no_preprocessing,,,,,,,,,,,,,,,,0.45,37.0,2.0
0.49687499999999996,0.49687499999999996,0.37863188883051035,1.1755812168121338,"{'classifier:__choice__': 'LOFClassifier', 'data_preprocessor:__choice__': 'NoPreprocessing', 'feature_preprocessor:__choice__': 'no_preprocessing', 'classifier:LOFClassifier:contamination': 0.4, 'classifier:LOFClassifier:n_neighbors': 199, 'classifier:LOFClassifier:p': 2}",163,Success,0.0,LOFClassifier,NoPreprocessing,no_preprocessing,,,,,,,,,,,,,,,,0.4,199.0,2.0
0.5366666666666667,0.5366666666666667,0.42035817097350403,1.3040804862976074,"{'classifier:__choice__': 'IForestClassifier', 'data_preprocessor:__choice__': 'NoPreprocessing', 'feature_preprocessor:__choice__': 'no_preprocessing', 'classifier:IForestClassifier:bootstrap': 'False', 'classifier:IForestClassifier:contamination': 0.35000000000000003, 'classifier:IForestClassifier:max_features': 1.0, 'classifier:IForestClassifier:max_samples': 0.8500000000000001, 'classifier:IForestClassifier:n_estimators': 70}",144,Success,0.0,IForestClassifier,NoPreprocessing,no_preprocessing,,,,,,,False,0.35000000000000003,1.0,0.8500000000000001,70.0,,,,,,,
0.4526041666666667,0.4526041666666667,0.3542958587608436,2.598395824432373,"{'classifier:__choice__': 'CBLOFClassifier', 'data_preprocessor:__choice__': 'NoPreprocessing', 'feature_preprocessor:__choice__': 'no_preprocessing', 'classifier:CBLOFClassifier:alpha': 0.7, 'classifier:CBLOFClassifier:beta': 2, 'classifier:CBLOFClassifier:contamination': 0.35000000000000003, 'classifier:CBLOFClassifier:n_clusters': 10, 'classifier:CBLOFClassifier:use_weights': 'False'}",230,Success,0.0,CBLOFClassifier,NoPreprocessing,no_preprocessing,0.7,2.0,0.35000000000000003,10.0,False,,,,,,,,,,,,,
0.46729166666666666,0.46729166666666666,0.36302299051280773,1.10075044631958,"{'classifier:__choice__': 'LOFClassifier', 'data_preprocessor:__choice__': 'NoPreprocessing', 'feature_preprocessor:__choice__': 'no_preprocessing', 'classifier:LOFClassifier:contamination': 0.45, 'classifier:LOFClassifier:n_neighbors': 108, 'classifier:LOFClassifier:p': 2}",214,Success,0.0,LOFClassifier,NoPreprocessing,no_preprocessing,,,,,,,,,,,,,,,,0.45,108.0,2.0
0.45838541666666666,0.45838541666666666,0.3970652524160585,0.977088212966919,"{'classifier:__choice__': 'LOFClassifier', 'data_preprocessor:__choice__': 'NoPreprocessing', 'feature_preprocessor:__choice__': 'no_preprocessing', 'classifier:LOFClassifier:contamination': 0.25, 'classifier:LOFClassifier:n_neighbors': 4, 'classifier:LOFClassifier:p': 2}",219,Success,0.0,LOFClassifier,NoPreprocessing,no_preprocessing,,,,,,,,,,,,,,,,0.25,4.0,2.0
0.3332291666666667,0.3332291666666667,0.3084921998073049,2.675628900527954,"{'classifier:__choice__': 'CBLOFClassifier', 'data_preprocessor:__choice__': 'NoPreprocessing', 'feature_preprocessor:__choice__': 'no_preprocessing', 'classifier:CBLOFClassifier:alpha': 0.9, 'classifier:CBLOFClassifier:beta': 2, 'classifier:CBLOFClassifier:contamination': 0.05, 'classifier:CBLOFClassifier:n_clusters': 14, 'classifier:CBLOFClassifier:use_weights': 'False'}",286,Success,0.0,CBLOFClassifier,NoPreprocessing,no_preprocessing,0.9,2.0,0.05,14.0,False,,,,,,,,,,,,,
0.5488541666666668,0.5488541666666668,0.41410330301236875,2.1891257762908936,"{'classifier:__choice__': 'KNNClassifier', 'data_preprocessor:__choice__': 'NoPreprocessing', 'feature_preprocessor:__choice__': 'no_preprocessing', 'classifier:KNNClassifier:contamination': 0.35000000000000003, 'classifier:KNNClassifier:method': 'largest', 'classifier:KNNClassifier:n_neighbors': 91, 'classifier:KNNClassifier:p': 2}",104,Success,0.0,KNNClassifier,NoPreprocessing,no_preprocessing,,,,,,,,,,,,0.35000000000000003,largest,91.0,2.0,,,
0.5438541666666666,0.5438541666666666,0.42212500914328377,1.7828583717346191,"{'classifier:__choice__': 'IForestClassifier', 'data_preprocessor:__choice__': 'NoPreprocessing', 'feature_preprocessor:__choice__': 'no_preprocessing', 'classifier:IForestClassifier:bootstrap': 'False', 'classifier:IForestClassifier:contamination': 0.2, 'classifier:IForestClassifier:max_features': 1.0, 'classifier:IForestClassifier:max_samples': 0.75, 'classifier:IForestClassifier:n_estimators': 105}",127,Success,0.0,IForestClassifier,NoPreprocessing,no_preprocessing,,,,,,,False,0.2,1.0,0.75,105.0,,,,,,,
0.44614583333333335,0.44614583333333335,0.3609884227879202,2.5342819690704346,"{'classifier:__choice__': 'CBLOFClassifier', 'data_preprocessor:__choice__': 'NoPreprocessing', 'feature_preprocessor:__choice__': 'no_preprocessing', 'classifier:CBLOFClassifier:alpha': 0.7, 'classifier:CBLOFClassifier:beta': 20, 'classifier:CBLOFClassifier:contamination': 0.35000000000000003, 'classifier:CBLOFClassifier:n_clusters': 12, 'classifier:CBLOFClassifier:use_weights': 'False'}",241,Success,0.0,CBLOFClassifier,NoPreprocessing,no_preprocessing,0.7,20.0,0.35000000000000003,12.0,False,,,,,,,,,,,,,
0.4156249999999999,0.4156249999999999,0.37392759854597735,1.020092248916626,"{'classifier:__choice__': 'LOFClassifier', 'data_preprocessor:__choice__': 'NoPreprocessing', 'feature_preprocessor:__choice__': 'no_preprocessing', 'classifier:LOFClassifier:contamination': 0.3, 'classifier:LOFClassifier:n_neighbors': 29, 'classifier:LOFClassifier:p': 2}",264,Success,0.0,LOFClassifier,NoPreprocessing,no_preprocessing,,,,,,,,,,,,,,,,0.3,29.0,2.0
0.3320833333333333,0.3320833333333333,0.31091435837194614,2.6156206130981445,"{'classifier:__choice__': 'CBLOFClassifier', 'data_preprocessor:__choice__': 'NoPreprocessing', 'feature_preprocessor:__choice__': 'no_preprocessing', 'classifier:CBLOFClassifier:alpha': 0.7, 'classifier:CBLOFClassifier:beta': 4, 'classifier:CBLOFClassifier:contamination': 0.25, 'classifier:CBLOFClassifier:n_clusters': 8, 'classifier:CBLOFClassifier:use_weights': 'False'}",290,Success,0.0,CBLOFClassifier,NoPreprocessing,no_preprocessing,0.7,4.0,0.25,8.0,False,,,,,,,,,,,,,
0.0,,,0.5288650989532471,"{'classifier:__choice__': 'CBLOFClassifier', 'data_preprocessor:__choice__': 'NoPreprocessing', 'feature_preprocessor:__choice__': 'no_preprocessing', 'classifier:CBLOFClassifier:alpha': 1.0, 'classifier:CBLOFClassifier:beta': 18, 'classifier:CBLOFClassifier:contamination': 0.5, 'classifier:CBLOFClassifier:n_clusters': 16, 'classifier:CBLOFClassifier:use_weights': 'False'}",303,Crash,0.0,CBLOFClassifier,NoPreprocessing,no_preprocessing,1.0,18.0,0.5,16.0,False,,,,,,,,,,,,,
0.48875,0.48875,0.37500256721442726,1.1580071449279785,"{'classifier:__choice__': 'LOFClassifier', 'data_preprocessor:__choice__': 'NoPreprocessing', 'feature_preprocessor:__choice__': 'no_preprocessing', 'classifier:LOFClassifier:contamination': 0.45, 'classifier:LOFClassifier:n_neighbors': 175, 'classifier:LOFClassifier:p': 2}",179,Success,0.0,LOFClassifier,NoPreprocessing,no_preprocessing,,,,,,,,,,,,,,,,0.45,175.0,2.0
0.5648958333333334,0.5648958333333334,0.43678251998179773,2.3416976928710938,"{'classifier:__choice__': 'IForestClassifier', 'data_preprocessor:__choice__': 'NoPreprocessing', 'feature_preprocessor:__choice__': 'no_preprocessing', 'classifier:IForestClassifier:bootstrap': 'False', 'classifier:IForestClassifier:contamination': 0.35000000000000003, 'classifier:IForestClassifier:max_features': 1.0, 'classifier:IForestClassifier:max_samples': 0.2, 'classifier:IForestClassifier:n_estimators': 165}",20,Success,0.0,IForestClassifier,NoPreprocessing,no_preprocessing,,,,,,,False,0.35000000000000003,1.0,0.2,165.0,,,,,,,
0.5539583333333333,0.5539583333333333,0.42400698670685977,2.3448574542999268,"{'classifier:__choice__': 'CBLOFClassifier', 'data_preprocessor:__choice__': 'NoPreprocessing', 'feature_preprocessor:__choice__': 'no_preprocessing', 'classifier:CBLOFClassifier:alpha': 0.95, 'classifier:CBLOFClassifier:beta': 4, 'classifier:CBLOFClassifier:contamination': 0.25, 'classifier:CBLOFClassifier:n_clusters': 2, 'classifier:CBLOFClassifier:use_weights': 'False'}",30,Success,0.0,CBLOFClassifier,NoPreprocessing,no_preprocessing,0.95,4.0,0.25,2.0,False,,,,,,,,,,,,,
0.44625000000000004,0.44625000000000004,0.3507513505806693,2.452664375305176,"{'classifier:__choice__': 'CBLOFClassifier', 'data_preprocessor:__choice__': 'NoPreprocessing', 'feature_preprocessor:__choice__': 'no_preprocessing', 'classifier:CBLOFClassifier:alpha': 0.6, 'classifier:CBLOFClassifier:beta': 18, 'classifier:CBLOFClassifier:contamination': 0.5, 'classifier:CBLOFClassifier:n_clusters': 6, 'classifier:CBLOFClassifier:use_weights': 'False'}",238,Success,0.0,CBLOFClassifier,NoPreprocessing,no_preprocessing,0.6,18.0,0.5,6.0,False,,,,,,,,,,,,,
0.5493750000000001,0.5493750000000001,0.4113684906173021,2.0992212295532227,"{'classifier:__choice__': 'KNNClassifier', 'data_preprocessor:__choice__': 'NoPreprocessing', 'feature_preprocessor:__choice__': 'no_preprocessing', 'classifier:KNNClassifier:contamination': 0.45, 'classifier:KNNClassifier:method': 'largest', 'classifier:KNNClassifier:n_neighbors': 26, 'classifier:KNNClassifier:p': 2}",92,Success,0.0,KNNClassifier,NoPreprocessing,no_preprocessing,,,,,,,,,,,,0.45,largest,26.0,2.0,,,
0.4870833333333333,0.4870833333333333,0.37385136063801894,1.2612226009368896,"{'classifier:__choice__': 'LOFClassifier', 'data_preprocessor:__choice__': 'NoPreprocessing', 'feature_preprocessor:__choice__': 'no_preprocessing', 'classifier:LOFClassifier:contamination': 0.2, 'classifier:LOFClassifier:n_neighbors': 165, 'classifier:LOFClassifier:p': 2}",182,Success,0.0,LOFClassifier,NoPreprocessing,no_preprocessing,,,,,,,,,,,,,,,,0.2,165.0,2.0
0.0,,,0.5340275764465332,"{'classifier:__choice__': 'CBLOFClassifier', 'data_preprocessor:__choice__': 'NoPreprocessing', 'feature_preprocessor:__choice__': 'no_preprocessing', 'classifier:CBLOFClassifier:alpha': 1.0, 'classifier:CBLOFClassifier:beta': 12, 'classifier:CBLOFClassifier:contamination': 0.45, 'classifier:CBLOFClassifier:n_clusters': 2, 'classifier:CBLOFClassifier:use_weights': 'False'}",303,Crash,0.0,CBLOFClassifier,NoPreprocessing,no_preprocessing,1.0,12.0,0.45,2.0,False,,,,,,,,,,,,,
0.4577083333333334,0.4577083333333334,0.3655592255462319,2.682339906692505,"{'classifier:__choice__': 'CBLOFClassifier', 'data_preprocessor:__choice__': 'NoPreprocessing', 'feature_preprocessor:__choice__': 'no_preprocessing', 'classifier:CBLOFClassifier:alpha': 0.65, 'classifier:CBLOFClassifier:beta': 12, 'classifier:CBLOFClassifier:contamination': 0.3, 'classifier:CBLOFClassifier:n_clusters': 12, 'classifier:CBLOFClassifier:use_weights': 'False'}",221,Success,0.0,CBLOFClassifier,NoPreprocessing,no_preprocessing,0.65,12.0,0.3,12.0,False,,,,,,,,,,,,,
0.49406250000000007,0.49406250000000007,0.3803683164881988,1.9862635135650635,"{'classifier:__choice__': 'KNNClassifier', 'data_preprocessor:__choice__': 'NoPreprocessing', 'feature_preprocessor:__choice__': 'no_preprocessing', 'classifier:KNNClassifier:contamination': 0.5, 'classifier:KNNClassifier:method': 'largest', 'classifier:KNNClassifier:n_neighbors': 4, 'classifier:KNNClassifier:p': 2}",167,Success,0.0,KNNClassifier,NoPreprocessing,no_preprocessing,,,,,,,,,,,,0.5,largest,4.0,2.0,,,
0.5230208333333334,0.5230208333333334,0.4054271197715348,2.3211569786071777,"{'classifier:__choice__': 'IForestClassifier', 'data_preprocessor:__choice__': 'NoPreprocessing', 'feature_preprocessor:__choice__': 'no_preprocessing', 'classifier:IForestClassifier:bootstrap': 'False', 'classifier:IForestClassifier:contamination': 0.1, 'classifier:IForestClassifier:max_features': 1.0, 'classifier:IForestClassifier:max_samples': 0.65, 'classifier:IForestClassifier:n_estimators': 160}",155,Success,0.0,IForestClassifier,NoPreprocessing,no_preprocessing,,,,,,,False,0.1,1.0,0.65,160.0,,,,,,,
0.5494791666666667,0.5494791666666667,0.4140787986281963,2.2061047554016113,"{'classifier:__choice__': 'KNNClassifier', 'data_preprocessor:__choice__': 'NoPreprocessing', 'feature_preprocessor:__choice__': 'no_preprocessing', 'classifier:KNNClassifier:contamination': 0.3, 'classifier:KNNClassifier:method': 'largest', 'classifier:KNNClassifier:n_neighbors': 76, 'classifier:KNNClassifier:p': 2}",89,Success,0.0,KNNClassifier,NoPreprocessing,no_preprocessing,,,,,,,,,,,,0.3,largest,76.0,2.0,,,
0.5515625,0.5515625,0.41532155088116485,2.324927806854248,"{'classifier:__choice__': 'KNNClassifier', 'data_preprocessor:__choice__': 'NoPreprocessing', 'feature_preprocessor:__choice__': 'no_preprocessing', 'classifier:KNNClassifier:contamination': 0.25, 'classifier:KNNClassifier:method': 'largest', 'classifier:KNNClassifier:n_neighbors': 50, 'classifier:KNNClassifier:p': 2}",45,Success,0.0,KNNClassifier,NoPreprocessing,no_preprocessing,,,,,,,,,,,,0.25,largest,50.0,2.0,,,
0.4075,0.4075,0.3429652178191144,1.046771764755249,"{'classifier:__choice__': 'LOFClassifier', 'data_preprocessor:__choice__': 'NoPreprocessing', 'feature_preprocessor:__choice__': 'no_preprocessing', 'classifier:LOFClassifier:contamination': 0.45, 'classifier:LOFClassifier:n_neighbors': 45, 'classifier:LOFClassifier:p': 2}",270,Success,0.0,LOFClassifier,NoPreprocessing,no_preprocessing,,,,,,,,,,,,,,,,0.45,45.0,2.0
0.46114583333333337,0.46114583333333337,0.3606526027510957,1.057286262512207,"{'classifier:__choice__': 'LOFClassifier', 'data_preprocessor:__choice__': 'NoPreprocessing', 'feature_preprocessor:__choice__': 'no_preprocessing', 'classifier:LOFClassifier:contamination': 0.05, 'classifier:LOFClassifier:n_neighbors': 103, 'classifier:LOFClassifier:p': 2}",216,Success,0.0,LOFClassifier,NoPreprocessing,no_preprocessing,,,,,,,,,,,,,,,,0.05,103.0,2.0
0.5507291666666666,0.5507291666666666,0.4154662406228564,2.3844659328460693,"{'classifier:__choice__': 'KNNClassifier', 'data_preprocessor:__choice__': 'NoPreprocessing', 'feature_preprocessor:__choice__': 'no_preprocessing', 'classifier:KNNClassifier:contamination': 0.2, 'classifier:KNNClassifier:method': 'largest', 'classifier:KNNClassifier:n_neighbors': 172, 'classifier:KNNClassifier:p': 2}",61,Success,0.0,KNNClassifier,NoPreprocessing,no_preprocessing,,,,,,,,,,,,0.2,largest,172.0,2.0,,,
0.4577083333333334,0.4577083333333334,0.3655592255462319,2.64028263092041,"{'classifier:__choice__': 'CBLOFClassifier', 'data_preprocessor:__choice__': 'NoPreprocessing', 'feature_preprocessor:__choice__': 'no_preprocessing', 'classifier:CBLOFClassifier:alpha': 0.55, 'classifier:CBLOFClassifier:beta': 4, 'classifier:CBLOFClassifier:contamination': 0.4, 'classifier:CBLOFClassifier:n_clusters': 12, 'classifier:CBLOFClassifier:use_weights': 'False'}",221,Success,0.0,CBLOFClassifier,NoPreprocessing,no_preprocessing,0.55,4.0,0.4,12.0,False,,,,,,,,,,,,,
0.4821875,0.4821875,0.3716118176316726,1.1218616962432861,"{'classifier:__choice__': 'LOFClassifier', 'data_preprocessor:__choice__': 'NoPreprocessing', 'feature_preprocessor:__choice__': 'no_preprocessing', 'classifier:LOFClassifier:contamination': 0.25, 'classifier:LOFClassifier:n_neighbors': 150, 'classifier:LOFClassifier:p': 2}",190,Success,0.0,LOFClassifier,NoPreprocessing,no_preprocessing,,,,,,,,,,,,,,,,0.25,150.0,2.0
0.5532291666666665,0.5532291666666665,0.4316482524548061,2.3945398330688477,"{'classifier:__choice__': 'IForestClassifier', 'data_preprocessor:__choice__': 'NoPreprocessing', 'feature_preprocessor:__choice__': 'no_preprocessing', 'classifier:IForestClassifier:bootstrap': 'False', 'classifier:IForestClassifier:contamination': 0.15000000000000002, 'classifier:IForestClassifier:max_features': 1.0, 'classifier:IForestClassifier:max_samples': 0.35000000000000003, 'classifier:IForestClassifier:n_estimators': 170}",38,Success,0.0,IForestClassifier,NoPreprocessing,no_preprocessing,,,,,,,False,0.15000000000000002,1.0,0.35000000000000003,170.0,,,,,,,
0.5495833333333333,0.5495833333333333,0.41096349922610664,2.061915397644043,"{'classifier:__choice__': 'KNNClassifier', 'data_preprocessor:__choice__': 'NoPreprocessing', 'feature_preprocessor:__choice__': 'no_preprocessing', 'classifier:KNNClassifier:contamination': 0.45, 'classifier:KNNClassifier:method': 'largest', 'classifier:KNNClassifier:n_neighbors': 24, 'classifier:KNNClassifier:p': 2}",87,Success,0.0,KNNClassifier,NoPreprocessing,no_preprocessing,,,,,,,,,,,,0.45,largest,24.0,2.0,,,
0.42989583333333337,0.42989583333333337,0.3468183114765805,2.5462982654571533,"{'classifier:__choice__': 'CBLOFClassifier', 'data_preprocessor:__choice__': 'NoPreprocessing', 'feature_preprocessor:__choice__': 'no_preprocessing', 'classifier:CBLOFClassifier:alpha': 0.95, 'classifier:CBLOFClassifier:beta': 2, 'classifier:CBLOFClassifier:contamination': 0.45, 'classifier:CBLOFClassifier:n_clusters': 4, 'classifier:CBLOFClassifier:use_weights': 'False'}",250,Success,0.0,CBLOFClassifier,NoPreprocessing,no_preprocessing,0.95,2.0,0.45,4.0,False,,,,,,,,,,,,,
0.5464583333333334,0.5464583333333334,0.42642858947061413,1.9452149868011475,"{'classifier:__choice__': 'IForestClassifier', 'data_preprocessor:__choice__': 'NoPreprocessing', 'feature_preprocessor:__choice__': 'no_preprocessing', 'classifier:IForestClassifier:bootstrap': 'False', 'classifier:IForestClassifier:contamination': 0.2, 'classifier:IForestClassifier:max_features': 1.0, 'classifier:IForestClassifier:max_samples': 0.8500000000000001, 'classifier:IForestClassifier:n_estimators': 135}",123,Success,0.0,IForestClassifier,NoPreprocessing,no_preprocessing,,,,,,,False,0.2,1.0,0.8500000000000001,135.0,,,,,,,
0.50390625,0.50390625,0.3955378329318522,0.7721190452575684,"{'classifier:__choice__': 'IForestClassifier', 'data_preprocessor:__choice__': 'NoPreprocessing', 'feature_preprocessor:__choice__': 'no_preprocessing', 'classifier:IForestClassifier:bootstrap': 'False', 'classifier:IForestClassifier:contamination': 0.25, 'classifier:IForestClassifier:max_features': 1.0, 'classifier:IForestClassifier:max_samples': 0.6000000000000001, 'classifier:IForestClassifier:n_estimators': 20}",161,Success,0.0,IForestClassifier,NoPreprocessing,no_preprocessing,,,,,,,False,0.25,1.0,0.6000000000000001,20.0,,,,,,,
0.5803125,0.5803125,0.45397211586197783,0.9407877922058105,"{'classifier:__choice__': 'IForestClassifier', 'data_preprocessor:__choice__': 'NoPreprocessing', 'feature_preprocessor:__choice__': 'no_preprocessing', 'classifier:IForestClassifier:bootstrap': 'False', 'classifier:IForestClassifier:contamination': 0.15000000000000002, 'classifier:IForestClassifier:max_features': 1.0, 'classifier:IForestClassifier:max_samples': 0.95, 'classifier:IForestClassifier:n_estimators': 35}",14,Success,0.0,IForestClassifier,NoPreprocessing,no_preprocessing,,,,,,,False,0.15000000000000002,1.0,0.95,35.0,,,,,,,
0.40770833333333334,0.40770833333333334,0.3587032910148491,1.0448551177978516,"{'classifier:__choice__': 'LOFClassifier', 'data_preprocessor:__choice__': 'NoPreprocessing', 'feature_preprocessor:__choice__': 'no_preprocessing', 'classifier:LOFClassifier:contamination': 0.3, 'classifier:LOFClassifier:n_neighbors': 38, 'classifier:LOFClassifier:p': 2}",269,Success,0.0,LOFClassifier,NoPreprocessing,no_preprocessing,,,,,,,,,,,,,,,,0.3,38.0,2.0
0.5428125,0.5428125,0.42758310721268444,1.4256689548492432,"{'classifier:__choice__': 'IForestClassifier', 'data_preprocessor:__choice__': 'NoPreprocessing', 'feature_preprocessor:__choice__': 'no_preprocessing', 'classifier:IForestClassifier:bootstrap': 'False', 'classifier:IForestClassifier:contamination': 0.25, 'classifier:IForestClassifier:max_features': 1.0, 'classifier:IForestClassifier:max_samples': 0.9000000000000001, 'classifier:IForestClassifier:n_estimators': 70}",130,Success,0.0,IForestClassifier,NoPreprocessing,no_preprocessing,,,,,,,False,0.25,1.0,0.9000000000000001,70.0,,,,,,,
0.48583333333333334,0.48583333333333334,0.3737372394210662,1.156498908996582,"{'classifier:__choice__': 'LOFClassifier', 'data_preprocessor:__choice__': 'NoPreprocessing', 'feature_preprocessor:__choice__': 'no_preprocessing', 'classifier:LOFClassifier:contamination': 0.45, 'classifier:LOFClassifier:n_neighbors': 161, 'classifier:LOFClassifier:p': 2}",185,Success,0.0,LOFClassifier,NoPreprocessing,no_preprocessing,,,,,,,,,,,,,,,,0.45,161.0,2.0
0.0,,,0.5319616794586182,"{'classifier:__choice__': 'CBLOFClassifier', 'data_preprocessor:__choice__': 'NoPreprocessing', 'feature_preprocessor:__choice__': 'no_preprocessing', 'classifier:CBLOFClassifier:alpha': 1.0, 'classifier:CBLOFClassifier:beta': 2, 'classifier:CBLOFClassifier:contamination': 0.35000000000000003, 'classifier:CBLOFClassifier:n_clusters': 8, 'classifier:CBLOFClassifier:use_weights': 'False'}",303,Crash,0.0,CBLOFClassifier,NoPreprocessing,no_preprocessing,1.0,2.0,0.35000000000000003,8.0,False,,,,,,,,,,,,,
0.3298958333333333,0.3298958333333333,0.3075734011065916,2.643944263458252,"{'classifier:__choice__': 'CBLOFClassifier', 'data_preprocessor:__choice__': 'NoPreprocessing', 'feature_preprocessor:__choice__': 'no_preprocessing', 'classifier:CBLOFClassifier:alpha': 0.8, 'classifier:CBLOFClassifier:beta': 12, 'classifier:CBLOFClassifier:contamination': 0.5, 'classifier:CBLOFClassifier:n_clusters': 14, 'classifier:CBLOFClassifier:use_weights': 'False'}",301,Success,0.0,CBLOFClassifier,NoPreprocessing,no_preprocessing,0.8,12.0,0.5,14.0,False,,,,,,,,,,,,,
0.49531250000000004,0.49531250000000004,0.3779882902692817,1.1677072048187256,"{'classifier:__choice__': 'LOFClassifier', 'data_preprocessor:__choice__': 'NoPreprocessing', 'feature_preprocessor:__choice__': 'no_preprocessing', 'classifier:LOFClassifier:contamination': 0.3, 'classifier:LOFClassifier:n_neighbors': 196, 'classifier:LOFClassifier:p': 2}",165,Success,0.0,LOFClassifier,NoPreprocessing,no_preprocessing,,,,,,,,,,,,,,,,0.3,196.0,2.0
0.5516666666666666,0.5516666666666666,0.41628974293743704,2.4121298789978027,"{'classifier:__choice__': 'KNNClassifier', 'data_preprocessor:__choice__': 'NoPreprocessing', 'feature_preprocessor:__choice__': 'no_preprocessing', 'classifier:KNNClassifier:contamination': 0.35000000000000003, 'classifier:KNNClassifier:method': 'largest', 'classifier:KNNClassifier:n_neighbors': 192, 'classifier:KNNClassifier:p': 2}",44,Success,0.0,KNNClassifier,NoPreprocessing,no_preprocessing,,,,,,,,,,,,0.35000000000000003,largest,192.0,2.0,,,
0.42218749999999994,0.42218749999999994,0.34063383685785564,2.550057888031006,"{'classifier:__choice__': 'CBLOFClassifier', 'data_preprocessor:__choice__': 'NoPreprocessing', 'feature_preprocessor:__choice__': 'no_preprocessing', 'classifier:CBLOFClassifier:alpha': 0.8500000000000001, 'classifier:CBLOFClassifier:beta': 4, 'classifier:CBLOFClassifier:contamination': 0.35000000000000003, 'classifier:CBLOFClassifier:n_clusters': 6, 'classifier:CBLOFClassifier:use_weights': 'False'}",258,Success,0.0,CBLOFClassifier,NoPreprocessing,no_preprocessing,0.8500000000000001,4.0,0.35000000000000003,6.0,False,,,,,,,,,,,,,
0.5584895833333334,0.5584895833333334,0.43559242913914775,0.8691732883453369,"{'classifier:__choice__': 'IForestClassifier', 'data_preprocessor:__choice__': 'NoPreprocessing', 'feature_preprocessor:__choice__': 'no_preprocessing', 'classifier:IForestClassifier:bootstrap': 'False', 'classifier:IForestClassifier:contamination': 0.45, 'classifier:IForestClassifier:max_features': 1.0, 'classifier:IForestClassifier:max_samples': 0.30000000000000004, 'classifier:IForestClassifier:n_estimators': 30}",25,Success,0.0,IForestClassifier,NoPreprocessing,no_preprocessing,,,,,,,False,0.45,1.0,0.30000000000000004,30.0,,,,,,,
0.5713541666666667,0.5713541666666667,0.44710541373137125,2.0303726196289062,"{'classifier:__choice__': 'IForestClassifier', 'data_preprocessor:__choice__': 'NoPreprocessing', 'feature_preprocessor:__choice__': 'no_preprocessing', 'classifier:IForestClassifier:bootstrap': 'False', 'classifier:IForestClassifier:contamination': 0.25, 'classifier:IForestClassifier:max_features': 1.0, 'classifier:IForestClassifier:max_samples': 0.2, 'classifier:IForestClassifier:n_estimators': 150}",16,Success,0.0,IForestClassifier,NoPreprocessing,no_preprocessing,,,,,,,False,0.25,1.0,0.2,150.0,,,,,,,
0.55125,0.55125,0.4151115917026271,2.1454200744628906,"{'classifier:__choice__': 'KNNClassifier', 'data_preprocessor:__choice__': 'NoPreprocessing', 'feature_preprocessor:__choice__': 'no_preprocessing', 'classifier:KNNClassifier:contamination': 0.4, 'classifier:KNNClassifier:method': 'largest', 'classifier:KNNClassifier:n_neighbors': 55, 'classifier:KNNClassifier:p': 2}",53,Success,0.0,KNNClassifier,NoPreprocessing,no_preprocessing,,,,,,,,,,,,0.4,largest,55.0,2.0,,,
0.5508333333333333,0.5508333333333333,0.41565330680068513,2.3663268089294434,"{'classifier:__choice__': 'KNNClassifier', 'data_preprocessor:__choice__': 'NoPreprocessing', 'feature_preprocessor:__choice__': 'no_preprocessing', 'classifier:KNNClassifier:contamination': 0.25, 'classifier:KNNClassifier:method': 'largest', 'classifier:KNNClassifier:n_neighbors': 153, 'classifier:KNNClassifier:p': 2}",58,Success,0.0,KNNClassifier,NoPreprocessing,no_preprocessing,,,,,,,,,,,,0.25,largest,153.0,2.0,,,
0.33333333333333337,0.33333333333333337,0.3085084163385725,2.6841633319854736,"{'classifier:__choice__': 'CBLOFClassifier', 'data_preprocessor:__choice__': 'NoPreprocessing', 'feature_preprocessor:__choice__': 'no_preprocessing', 'classifier:CBLOFClassifier:alpha': 0.9, 'classifier:CBLOFClassifier:beta': 12, 'classifier:CBLOFClassifier:contamination': 0.1, 'classifier:CBLOFClassifier:n_clusters': 14, 'classifier:CBLOFClassifier:use_weights': 'False'}",284,Success,0.0,CBLOFClassifier,NoPreprocessing,no_preprocessing,0.9,12.0,0.1,14.0,False,,,,,,,,,,,,,
0.49312500000000004,0.49312500000000004,0.37659858343545527,1.1794369220733643,"{'classifier:__choice__': 'LOFClassifier', 'data_preprocessor:__choice__': 'NoPreprocessing', 'feature_preprocessor:__choice__': 'no_preprocessing', 'classifier:LOFClassifier:contamination': 0.5, 'classifier:LOFClassifier:n_neighbors': 188, 'classifier:LOFClassifier:p': 2}",171,Success,0.0,LOFClassifier,NoPreprocessing,no_preprocessing,,,,,,,,,,,,,,,,0.5,188.0,2.0
0.550625,0.550625,0.41047640299399557,2.0886270999908447,"{'classifier:__choice__': 'KNNClassifier', 'data_preprocessor:__choice__': 'NoPreprocessing', 'feature_preprocessor:__choice__': 'no_preprocessing', 'classifier:KNNClassifier:contamination': 0.35000000000000003, 'classifier:KNNClassifier:method': 'largest', 'classifier:KNNClassifier:n_neighbors': 15, 'classifier:KNNClassifier:p': 2}",64,Success,0.0,KNNClassifier,NoPreprocessing,no_preprocessing,,,,,,,,,,,,0.35000000000000003,largest,15.0,2.0,,,
0.5421874999999999,0.5421874999999999,0.420948356498448,1.6972827911376953,"{'classifier:__choice__': 'IForestClassifier', 'data_preprocessor:__choice__': 'NoPreprocessing', 'feature_preprocessor:__choice__': 'no_preprocessing', 'classifier:IForestClassifier:bootstrap': 'False', 'classifier:IForestClassifier:contamination': 0.05, 'classifier:IForestClassifier:max_features': 1.0, 'classifier:IForestClassifier:max_samples': 0.8500000000000001, 'classifier:IForestClassifier:n_estimators': 110}",134,Success,0.0,IForestClassifier,NoPreprocessing,no_preprocessing,,,,,,,False,0.05,1.0,0.8500000000000001,110.0,,,,,,,
0.5387500000000001,0.5387500000000001,0.41816060037353375,1.5405406951904297,"{'classifier:__choice__': 'IForestClassifier', 'data_preprocessor:__choice__': 'NoPreprocessing', 'feature_preprocessor:__choice__': 'no_preprocessing', 'classifier:IForestClassifier:bootstrap': 'False', 'classifier:IForestClassifier:contamination': 0.5, 'classifier:IForestClassifier:max_features': 1.0, 'classifier:IForestClassifier:max_samples': 0.7, 'classifier:IForestClassifier:n_estimators': 95}",139,Success,0.0,IForestClassifier,NoPreprocessing,no_preprocessing,,,,,,,False,0.5,1.0,0.7,95.0,,,,,,,
0.4565625,0.4565625,0.3555253491150404,2.496145486831665,"{'classifier:__choice__': 'CBLOFClassifier', 'data_preprocessor:__choice__': 'NoPreprocessing', 'feature_preprocessor:__choice__': 'no_preprocessing', 'classifier:CBLOFClassifier:alpha': 0.8, 'classifier:CBLOFClassifier:beta': 18, 'classifier:CBLOFClassifier:contamination': 0.35000000000000003, 'classifier:CBLOFClassifier:n_clusters': 10, 'classifier:CBLOFClassifier:use_weights': 'False'}",225,Success,0.0,CBLOFClassifier,NoPreprocessing,no_preprocessing,0.8,18.0,0.35000000000000003,10.0,False,,,,,,,,,,,,,
0.5198958333333332,0.5198958333333332,0.40011161133668294,1.9884898662567139,"{'classifier:__choice__': 'KNNClassifier', 'data_preprocessor:__choice__': 'NoPreprocessing', 'feature_preprocessor:__choice__': 'no_preprocessing', 'classifier:KNNClassifier:contamination': 0.1, 'classifier:KNNClassifier:method': 'largest', 'classifier:KNNClassifier:n_neighbors': 5, 'classifier:KNNClassifier:p': 2}",158,Success,0.0,KNNClassifier,NoPreprocessing,no_preprocessing,,,,,,,,,,,,0.1,largest,5.0,2.0,,,
0.550625,0.550625,0.4155821379439495,2.4091899394989014,"{'classifier:__choice__': 'KNNClassifier', 'data_preprocessor:__choice__': 'NoPreprocessing', 'feature_preprocessor:__choice__': 'no_preprocessing', 'classifier:KNNClassifier:contamination': 0.05, 'classifier:KNNClassifier:method': 'largest', 'classifier:KNNClassifier:n_neighbors': 152, 'classifier:KNNClassifier:p': 2}",64,Success,0.0,KNNClassifier,NoPreprocessing,no_preprocessing,,,,,,,,,,,,0.05,largest,152.0,2.0,,,
0.55125,0.55125,0.4151115917026271,2.234325885772705,"{'classifier:__choice__': 'KNNClassifier', 'data_preprocessor:__choice__': 'NoPreprocessing', 'feature_preprocessor:__choice__': 'no_preprocessing', 'classifier:KNNClassifier:contamination': 0.45, 'classifier:KNNClassifier:method': 'largest', 'classifier:KNNClassifier:n_neighbors': 55, 'classifier:KNNClassifier:p': 2}",53,Success,0.0,KNNClassifier,NoPreprocessing,no_preprocessing,,,,,,,,,,,,0.45,largest,55.0,2.0,,,
0.5383333333333333,0.5383333333333333,0.41929868301112494,2.506495952606201,"{'classifier:__choice__': 'IForestClassifier', 'data_preprocessor:__choice__': 'NoPreprocessing', 'feature_preprocessor:__choice__': 'no_preprocessing', 'classifier:IForestClassifier:bootstrap': 'False', 'classifier:IForestClassifier:contamination': 0.05, 'classifier:IForestClassifier:max_features': 1.0, 'classifier:IForestClassifier:max_samples': 0.45, 'classifier:IForestClassifier:n_estimators': 180}",142,Success,0.0,IForestClassifier,NoPreprocessing,no_preprocessing,,,,,,,False,0.05,1.0,0.45,180.0,,,,,,,
0.3455208333333333,0.3455208333333333,0.3153969074102172,2.4546902179718018,"{'classifier:__choice__': 'CBLOFClassifier', 'data_preprocessor:__choice__': 'NoPreprocessing', 'feature_preprocessor:__choice__': 'no_preprocessing', 'classifier:CBLOFClassifier:alpha': 0.5, 'classifier:CBLOFClassifier:beta': 12, 'classifier:CBLOFClassifier:contamination': 0.45, 'classifier:CBLOFClassifier:n_clusters': 8, 'classifier:CBLOFClassifier:use_weights': 'False'}",278,Success,0.0,CBLOFClassifier,NoPreprocessing,no_preprocessing,0.5,12.0,0.45,8.0,False,,,,,,,,,,,,,
0.5504166666666667,0.5504166666666667,0.4149471023822072,2.1483876705169678,"{'classifier:__choice__': 'KNNClassifier', 'data_preprocessor:__choice__': 'NoPreprocessing', 'feature_preprocessor:__choice__': 'no_preprocessing', 'classifier:KNNClassifier:contamination': 0.4, 'classifier:KNNClassifier:method': 'largest', 'classifier:KNNClassifier:n_neighbors': 69, 'classifier:KNNClassifier:p': 2}",70,Success,0.0,KNNClassifier,NoPreprocessing,no_preprocessing,,,,,,,,,,,,0.4,largest,69.0,2.0,,,
0.5447916666666667,0.5447916666666667,0.42094394708494454,2.036975383758545,"{'classifier:__choice__': 'IForestClassifier', 'data_preprocessor:__choice__': 'NoPreprocessing', 'feature_preprocessor:__choice__': 'no_preprocessing', 'classifier:IForestClassifier:bootstrap': 'False', 'classifier:IForestClassifier:contamination': 0.3, 'classifier:IForestClassifier:max_features': 1.0, 'classifier:IForestClassifier:max_samples': 0.7, 'classifier:IForestClassifier:n_estimators': 130}",126,Success,0.0,IForestClassifier,NoPreprocessing,no_preprocessing,,,,,,,False,0.3,1.0,0.7,130.0,,,,,,,
0.5517708333333333,0.5517708333333333,0.42731954314549103,0.9969429969787598,"{'classifier:__choice__': 'IForestClassifier', 'data_preprocessor:__choice__': 'NoPreprocessing', 'feature_preprocessor:__choice__': 'no_preprocessing', 'classifier:IForestClassifier:bootstrap': 'False', 'classifier:IForestClassifier:contamination': 0.2, 'classifier:IForestClassifier:max_features': 1.0, 'classifier:IForestClassifier:max_samples': 0.7, 'classifier:IForestClassifier:n_estimators': 40}",43,Success,0.0,IForestClassifier,NoPreprocessing,no_preprocessing,,,,,,,False,0.2,1.0,0.7,40.0,,,,,,,
0.5497916666666667,0.5497916666666667,0.42848107174654315,1.5844998359680176,"{'classifier:__choice__': 'IForestClassifier', 'data_preprocessor:__choice__': 'NoPreprocessing', 'feature_preprocessor:__choice__': 'no_preprocessing', 'classifier:IForestClassifier:bootstrap': 'False', 'classifier:IForestClassifier:contamination': 0.05, 'classifier:IForestClassifier:max_features': 1.0, 'classifier:IForestClassifier:max_samples': 0.8, 'classifier:IForestClassifier:n_estimators': 100}",82,Success,0.0,IForestClassifier,NoPreprocessing,no_preprocessing,,,,,,,False,0.05,1.0,0.8,100.0,,,,,,,
0.5512499999999999,0.5512499999999999,0.41587543939785143,2.345369815826416,"{'classifier:__choice__': 'KNNClassifier', 'data_preprocessor:__choice__': 'NoPreprocessing', 'feature_preprocessor:__choice__': 'no_preprocessing', 'classifier:KNNClassifier:contamination': 0.4, 'classifier:KNNClassifier:method': 'largest', 'classifier:KNNClassifier:n_neighbors': 179, 'classifier:KNNClassifier:p': 2}",55,Success,0.0,KNNClassifier,NoPreprocessing,no_preprocessing,,,,,,,,,,,,0.4,largest,179.0,2.0,,,
0.47468750000000004,0.47468750000000004,0.3664304549478713,1.28676438331604,"{'classifier:__choice__': 'LOFClassifier', 'data_preprocessor:__choice__': 'NoPreprocessing', 'feature_preprocessor:__choice__': 'no_preprocessing', 'classifier:LOFClassifier:contamination': 0.05, 'classifier:LOFClassifier:n_neighbors': 128, 'classifier:LOFClassifier:p': 2}",199,Success,0.0,LOFClassifier,NoPreprocessing,no_preprocessing,,,,,,,,,,,,,,,,0.05,128.0,2.0
0.5507291666666666,0.5507291666666666,0.41546547345565976,2.3554039001464844,"{'classifier:__choice__': 'KNNClassifier', 'data_preprocessor:__choice__': 'NoPreprocessing', 'feature_preprocessor:__choice__': 'no_preprocessing', 'classifier:KNNClassifier:contamination': 0.15000000000000002, 'classifier:KNNClassifier:method': 'largest', 'classifier:KNNClassifier:n_neighbors': 174, 'classifier:KNNClassifier:p': 2}",61,Success,0.0,KNNClassifier,NoPreprocessing,no_preprocessing,,,,,,,,,,,,0.15000000000000002,largest,174.0,2.0,,,
0.5479166666666666,0.5479166666666666,0.4143206754593671,2.3708202838897705,"{'classifier:__choice__': 'KNNClassifier', 'data_preprocessor:__choice__': 'NoPreprocessing', 'feature_preprocessor:__choice__': 'no_preprocessing', 'classifier:KNNClassifier:contamination': 0.4, 'classifier:KNNClassifier:method': 'largest', 'classifier:KNNClassifier:n_neighbors': 125, 'classifier:KNNClassifier:p': 2}",121,Success,0.0,KNNClassifier,NoPreprocessing,no_preprocessing,,,,,,,,,,,,0.4,largest,125.0,2.0,,,
0.5499999999999999,0.5499999999999999,0.41172445229557564,2.147437810897827,"{'classifier:__choice__': 'KNNClassifier', 'data_preprocessor:__choice__': 'NoPreprocessing', 'feature_preprocessor:__choice__': 'no_preprocessing', 'classifier:KNNClassifier:contamination': 0.35000000000000003, 'classifier:KNNClassifier:method': 'largest', 'classifier:KNNClassifier:n_neighbors': 27, 'classifier:KNNClassifier:p': 2}",77,Success,0.0,KNNClassifier,NoPreprocessing,no_preprocessing,,,,,,,,,,,,0.35000000000000003,largest,27.0,2.0,,,
0.4117708333333333,0.4117708333333333,0.3450605242235756,1.0813252925872803,"{'classifier:__choice__': 'LOFClassifier', 'data_preprocessor:__choice__': 'NoPreprocessing', 'feature_preprocessor:__choice__': 'no_preprocessing', 'classifier:LOFClassifier:contamination': 0.5, 'classifier:LOFClassifier:n_neighbors': 42, 'classifier:LOFClassifier:p': 2}",266,Success,0.0,LOFClassifier,NoPreprocessing,no_preprocessing,,,,,,,,,,,,,,,,0.5,42.0,2.0
0.48354166666666676,0.48354166666666676,0.372416499023805,1.095743179321289,"{'classifier:__choice__': 'LOFClassifier', 'data_preprocessor:__choice__': 'NoPreprocessing', 'feature_preprocessor:__choice__': 'no_preprocessing', 'classifier:LOFClassifier:contamination': 0.35000000000000003, 'classifier:LOFClassifier:n_neighbors': 154, 'classifier:LOFClassifier:p': 2}",188,Success,0.0,LOFClassifier,NoPreprocessing,no_preprocessing,,,,,,,,,,,,,,,,0.35000000000000003,154.0,2.0
0.49354166666666666,0.49354166666666666,0.37688488199922365,1.1947214603424072,"{'classifier:__choice__': 'LOFClassifier', 'data_preprocessor:__choice__': 'NoPreprocessing', 'feature_preprocessor:__choice__': 'no_preprocessing', 'classifier:LOFClassifier:contamination': 0.45, 'classifier:LOFClassifier:n_neighbors': 189, 'classifier:LOFClassifier:p': 2}",169,Success,0.0,LOFClassifier,NoPreprocessing,no_preprocessing,,,,,,,,,,,,,,,,0.45,189.0,2.0
0.5494791666666667,0.5494791666666667,0.4140787986281963,2.110247850418091,"{'classifier:__choice__': 'KNNClassifier', 'data_preprocessor:__choice__': 'NoPreprocessing', 'feature_preprocessor:__choice__': 'no_preprocessing', 'classifier:KNNClassifier:contamination': 0.25, 'classifier:KNNClassifier:method': 'largest', 'classifier:KNNClassifier:n_neighbors': 76, 'classifier:KNNClassifier:p': 2}",89,Success,0.0,KNNClassifier,NoPreprocessing,no_preprocessing,,,,,,,,,,,,0.25,largest,76.0,2.0,,,
0.49364583333333334,0.49364583333333334,0.3771174504035778,1.344909906387329,"{'classifier:__choice__': 'LOFClassifier', 'data_preprocessor:__choice__': 'NoPreprocessing', 'feature_preprocessor:__choice__': 'no_preprocessing', 'classifier:LOFClassifier:contamination': 0.1, 'classifier:LOFClassifier:n_neighbors': 191, 'classifier:LOFClassifier:p': 2}",168,Success,0.0,LOFClassifier,NoPreprocessing,no_preprocessing,,,,,,,,,,,,,,,,0.1,191.0,2.0
0.42989583333333337,0.42989583333333337,0.3468183114765805,2.577411413192749,"{'classifier:__choice__': 'CBLOFClassifier', 'data_preprocessor:__choice__': 'NoPreprocessing', 'feature_preprocessor:__choice__': 'no_preprocessing', 'classifier:CBLOFClassifier:alpha': 0.8, 'classifier:CBLOFClassifier:beta': 4, 'classifier:CBLOFClassifier:contamination': 0.4, 'classifier:CBLOFClassifier:n_clusters': 4, 'classifier:CBLOFClassifier:use_weights': 'False'}",250,Success,0.0,CBLOFClassifier,NoPreprocessing,no_preprocessing,0.8,4.0,0.4,4.0,False,,,,,,,,,,,,,
0.5357291666666667,0.5357291666666667,0.4193479783695876,1.5194897651672363,"{'classifier:__choice__': 'IForestClassifier', 'data_preprocessor:__choice__': 'NoPreprocessing', 'feature_preprocessor:__choice__': 'no_preprocessing', 'classifier:IForestClassifier:bootstrap': 'False', 'classifier:IForestClassifier:contamination': 0.3, 'classifier:IForestClassifier:max_features': 1.0, 'classifier:IForestClassifier:max_samples': 0.6000000000000001, 'classifier:IForestClassifier:n_estimators': 95}",145,Success,0.0,IForestClassifier,NoPreprocessing,no_preprocessing,,,,,,,False,0.3,1.0,0.6000000000000001,95.0,,,,,,,
0.4291666666666667,0.4291666666666667,0.3460650693381476,1.0697762966156006,"{'classifier:__choice__': 'LOFClassifier', 'data_preprocessor:__choice__': 'NoPreprocessing', 'feature_preprocessor:__choice__': 'no_preprocessing', 'classifier:LOFClassifier:contamination': 0.35000000000000003, 'classifier:LOFClassifier:n_neighbors': 67, 'classifier:LOFClassifier:p': 2}",257,Success,0.0,LOFClassifier,NoPreprocessing,no_preprocessing,,,,,,,,,,,,,,,,0.35000000000000003,67.0,2.0
0.43833333333333335,0.43833333333333335,0.35020358331323886,1.0486488342285156,"{'classifier:__choice__': 'LOFClassifier', 'data_preprocessor:__choice__': 'NoPreprocessing', 'feature_preprocessor:__choice__': 'no_preprocessing', 'classifier:LOFClassifier:contamination': 0.5, 'classifier:LOFClassifier:n_neighbors': 79, 'classifier:LOFClassifier:p': 2}",246,Success,0.0,LOFClassifier,NoPreprocessing,no_preprocessing,,,,,,,,,,,,,,,,0.5,79.0,2.0
0.5515625,0.5515625,0.41532155088116485,2.1791110038757324,"{'classifier:__choice__': 'KNNClassifier', 'data_preprocessor:__choice__': 'NoPreprocessing', 'feature_preprocessor:__choice__': 'no_preprocessing', 'classifier:KNNClassifier:contamination': 0.35000000000000003, 'classifier:KNNClassifier:method': 'largest', 'classifier:KNNClassifier:n_neighbors': 50, 'classifier:KNNClassifier:p': 2}",45,Success,0.0,KNNClassifier,NoPreprocessing,no_preprocessing,,,,,,,,,,,,0.35000000000000003,largest,50.0,2.0,,,
0.5514583333333334,0.5514583333333334,0.416103873048834,2.7884843349456787,"{'classifier:__choice__': 'KNNClassifier', 'data_preprocessor:__choice__': 'NoPreprocessing', 'feature_preprocessor:__choice__': 'no_preprocessing', 'classifier:KNNClassifier:contamination': 0.45, 'classifier:KNNClassifier:method': 'largest', 'classifier:KNNClassifier:n_neighbors': 191, 'classifier:KNNClassifier:p': 2}",50,Success,0.0,KNNClassifier,NoPreprocessing,no_preprocessing,,,,,,,,,,,,0.45,largest,191.0,2.0,,,
0.5644791666666666,0.5644791666666666,0.43959490122354294,0.8656046390533447,"{'classifier:__choice__': 'IForestClassifier', 'data_preprocessor:__choice__': 'NoPreprocessing', 'feature_preprocessor:__choice__': 'no_preprocessing', 'classifier:IForestClassifier:bootstrap': 'False', 'classifier:IForestClassifier:contamination': 0.25, 'classifier:IForestClassifier:max_features': 1.0, 'classifier:IForestClassifier:max_samples': 0.25, 'classifier:IForestClassifier:n_estimators': 30}",21,Success,0.0,IForestClassifier,NoPreprocessing,no_preprocessing,,,,,,,False,0.25,1.0,0.25,30.0,,,,,,,
0.5750000000000001,0.5750000000000001,0.4457893690399013,1.079404592514038,"{'classifier:__choice__': 'IForestClassifier', 'data_preprocessor:__choice__': 'NoPreprocessing', 'feature_preprocessor:__choice__': 'no_preprocessing', 'classifier:IForestClassifier:bootstrap': 'False', 'classifier:IForestClassifier:contamination': 0.35000000000000003, 'classifier:IForestClassifier:max_features': 1.0, 'classifier:IForestClassifier:max_samples': 0.35000000000000003, 'classifier:IForestClassifier:n_estimators': 50}",15,Success,0.0,IForestClassifier,NoPreprocessing,no_preprocessing,,,,,,,False,0.35000000000000003,1.0,0.35000000000000003,50.0,,,,,,,
0.5493750000000001,0.5493750000000001,0.4113684906173021,2.10070538520813,"{'classifier:__choice__': 'KNNClassifier', 'data_preprocessor:__choice__': 'NoPreprocessing', 'feature_preprocessor:__choice__': 'no_preprocessing', 'classifier:KNNClassifier:contamination': 0.4, 'classifier:KNNClassifier:method': 'largest', 'classifier:KNNClassifier:n_neighbors': 26, 'classifier:KNNClassifier:p': 2}",92,Success,0.0,KNNClassifier,NoPreprocessing,no_preprocessing,,,,,,,,,,,,0.4,largest,26.0,2.0,,,
0.49124999999999996,0.49124999999999996,0.3757400842131191,1.4455397129058838,"{'classifier:__choice__': 'LOFClassifier', 'data_preprocessor:__choice__': 'NoPreprocessing', 'feature_preprocessor:__choice__': 'no_preprocessing', 'classifier:LOFClassifier:contamination': 0.35000000000000003, 'classifier:LOFClassifier:n_neighbors': 186, 'classifier:LOFClassifier:p': 2}",176,Success,0.0,LOFClassifier,NoPreprocessing,no_preprocessing,,,,,,,,,,,,,,,,0.35000000000000003,186.0,2.0
0.5488541666666666,0.5488541666666666,0.41390057259747093,2.25277042388916,"{'classifier:__choice__': 'KNNClassifier', 'data_preprocessor:__choice__': 'NoPreprocessing', 'feature_preprocessor:__choice__': 'no_preprocessing', 'classifier:KNNClassifier:contamination': 0.05, 'classifier:KNNClassifier:method': 'largest', 'classifier:KNNClassifier:n_neighbors': 90, 'classifier:KNNClassifier:p': 2}",106,Success,0.0,KNNClassifier,NoPreprocessing,no_preprocessing,,,,,,,,,,,,0.05,largest,90.0,2.0,,,
0.5684895833333333,0.5684895833333333,0.43809014718416006,0.943474292755127,"{'classifier:__choice__': 'IForestClassifier', 'data_preprocessor:__choice__': 'NoPreprocessing', 'feature_preprocessor:__choice__': 'no_preprocessing', 'classifier:IForestClassifier:bootstrap': 'False', 'classifier:IForestClassifier:contamination': 0.35000000000000003, 'classifier:IForestClassifier:max_features': 1.0, 'classifier:IForestClassifier:max_samples': 0.8500000000000001, 'classifier:IForestClassifier:n_estimators': 35}",19,Success,0.0,IForestClassifier,NoPreprocessing,no_preprocessing,,,,,,,False,0.35000000000000003,1.0,0.8500000000000001,35.0,,,,,,,
0.5301041666666666,0.5301041666666666,0.41783410502656415,1.3796825408935547,"{'classifier:__choice__': 'IForestClassifier', 'data_preprocessor:__choice__': 'NoPreprocessing', 'feature_preprocessor:__choice__': 'no_preprocessing', 'classifier:IForestClassifier:bootstrap': 'False', 'classifier:IForestClassifier:contamination': 0.4, 'classifier:IForestClassifier:max_features': 1.0, 'classifier:IForestClassifier:max_samples': 0.4, 'classifier:IForestClassifier:n_estimators': 65}",149,Success,0.0,IForestClassifier,NoPreprocessing,no_preprocessing,,,,,,,False,0.4,1.0,0.4,65.0,,,,,,,
0.5459375,0.5459375,0.42427869876087043,1.5591473579406738,"{'classifier:__choice__': 'IForestClassifier', 'data_preprocessor:__choice__': 'NoPreprocessing', 'feature_preprocessor:__choice__': 'no_preprocessing', 'classifier:IForestClassifier:bootstrap': 'False', 'classifier:IForestClassifier:contamination': 0.1, 'classifier:IForestClassifier:max_features': 1.0, 'classifier:IForestClassifier:max_samples': 0.8500000000000001, 'classifier:IForestClassifier:n_estimators': 95}",125,Success,0.0,IForestClassifier,NoPreprocessing,no_preprocessing,,,,,,,False,0.1,1.0,0.8500000000000001,95.0,,,,,,,
0.44614583333333335,0.44614583333333335,0.3609884227879202,2.5451409816741943,"{'classifier:__choice__': 'CBLOFClassifier', 'data_preprocessor:__choice__': 'NoPreprocessing', 'feature_preprocessor:__choice__': 'no_preprocessing', 'classifier:CBLOFClassifier:alpha': 0.75, 'classifier:CBLOFClassifier:beta': 6, 'classifier:CBLOFClassifier:contamination': 0.45, 'classifier:CBLOFClassifier:n_clusters': 12, 'classifier:CBLOFClassifier:use_weights': 'False'}",241,Success,0.0,CBLOFClassifier,NoPreprocessing,no_preprocessing,0.75,6.0,0.45,12.0,False,,,,,,,,,,,,,
0.48687499999999995,0.48687499999999995,0.3738154222066191,1.1233782768249512,"{'classifier:__choice__': 'LOFClassifier', 'data_preprocessor:__choice__': 'NoPreprocessing', 'feature_preprocessor:__choice__': 'no_preprocessing', 'classifier:LOFClassifier:contamination': 0.25, 'classifier:LOFClassifier:n_neighbors': 167, 'classifier:LOFClassifier:p': 2}",184,Success,0.0,LOFClassifier,NoPreprocessing,no_preprocessing,,,,,,,,,,,,,,,,0.25,167.0,2.0
0.5856770833333335,0.5856770833333335,0.452224426575942,1.0351085662841797,"{'classifier:__choice__': 'IForestClassifier', 'data_preprocessor:__choice__': 'NoPreprocessing', 'feature_preprocessor:__choice__': 'no_preprocessing', 'classifier:IForestClassifier:bootstrap': 'False', 'classifier:IForestClassifier:contamination': 0.15000000000000002, 'classifier:IForestClassifier:max_features': 1.0, 'classifier:IForestClassifier:max_samples': 0.35000000000000003, 'classifier:IForestClassifier:n_estimators': 45}",13,Success,0.0,IForestClassifier,NoPreprocessing,no_preprocessing,,,,,,,False,0.15000000000000002,1.0,0.35000000000000003,45.0,,,,,,,
0.44625000000000004,0.44625000000000004,0.3507513505806693,2.6248555183410645,"{'classifier:__choice__': 'CBLOFClassifier', 'data_preprocessor:__choice__': 'NoPreprocessing', 'feature_preprocessor:__choice__': 'no_preprocessing', 'classifier:CBLOFClassifier:alpha': 0.65, 'classifier:CBLOFClassifier:beta': 14, 'classifier:CBLOFClassifier:contamination': 0.5, 'classifier:CBLOFClassifier:n_clusters': 6, 'classifier:CBLOFClassifier:use_weights': 'False'}",238,Success,0.0,CBLOFClassifier,NoPreprocessing,no_preprocessing,0.65,14.0,0.5,6.0,False,,,,,,,,,,,,,
0.5488541666666666,0.5488541666666666,0.4149187507164821,2.2854433059692383,"{'classifier:__choice__': 'KNNClassifier', 'data_preprocessor:__choice__': 'NoPreprocessing', 'feature_preprocessor:__choice__': 'no_preprocessing', 'classifier:KNNClassifier:contamination': 0.35000000000000003, 'classifier:KNNClassifier:method': 'largest', 'classifier:KNNClassifier:n_neighbors': 132, 'classifier:KNNClassifier:p': 2}",106,Success,0.0,KNNClassifier,NoPreprocessing,no_preprocessing,,,,,,,,,,,,0.35000000000000003,largest,132.0,2.0,,,
0.49135416666666676,0.49135416666666676,0.3760209070842544,1.2675070762634277,"{'classifier:__choice__': 'LOFClassifier', 'data_preprocessor:__choice__': 'NoPreprocessing', 'feature_preprocessor:__choice__': 'no_preprocessing', 'classifier:LOFClassifier:contamination': 0.1, 'classifier:LOFClassifier:n_neighbors': 185, 'classifier:LOFClassifier:p': 2}",175,Success,0.0,LOFClassifier,NoPreprocessing,no_preprocessing,,,,,,,,,,,,,,,,0.1,185.0,2.0
0.47406250000000005,0.47406250000000005,0.3661385929936877,1.1151137351989746,"{'classifier:__choice__': 'LOFClassifier', 'data_preprocessor:__choice__': 'NoPreprocessing', 'feature_preprocessor:__choice__': 'no_preprocessing', 'classifier:LOFClassifier:contamination': 0.4, 'classifier:LOFClassifier:n_neighbors': 127, 'classifier:LOFClassifier:p': 2}",201,Success,0.0,LOFClassifier,NoPreprocessing,no_preprocessing,,,,,,,,,,,,,,,,0.4,127.0,2.0
0.5491666666666666,0.5491666666666666,0.414168988678397,2.357088565826416,"{'classifier:__choice__': 'KNNClassifier', 'data_preprocessor:__choice__': 'NoPreprocessing', 'feature_preprocessor:__choice__': 'no_preprocessing', 'classifier:KNNClassifier:contamination': 0.45, 'classifier:KNNClassifier:method': 'largest', 'classifier:KNNClassifier:n_neighbors': 86, 'classifier:KNNClassifier:p': 2}",98,Success,0.0,KNNClassifier,NoPreprocessing,no_preprocessing,,,,,,,,,,,,0.45,largest,86.0,2.0,,,
0.41364583333333327,0.41364583333333327,0.35102254159464163,1.045760154724121,"{'classifier:__choice__': 'LOFClassifier', 'data_preprocessor:__choice__': 'NoPreprocessing', 'feature_preprocessor:__choice__': 'no_preprocessing', 'classifier:LOFClassifier:contamination': 0.05, 'classifier:LOFClassifier:n_neighbors': 40, 'classifier:LOFClassifier:p': 2}",265,Success,0.0,LOFClassifier,NoPreprocessing,no_preprocessing,,,,,,,,,,,,,,,,0.05,40.0,2.0
0.47135416666666674,0.47135416666666674,0.3649393923865184,1.0892093181610107,"{'classifier:__choice__': 'LOFClassifier', 'data_preprocessor:__choice__': 'NoPreprocessing', 'feature_preprocessor:__choice__': 'no_preprocessing', 'classifier:LOFClassifier:contamination': 0.5, 'classifier:LOFClassifier:n_neighbors': 119, 'classifier:LOFClassifier:p': 2}",210,Success,0.0,LOFClassifier,NoPreprocessing,no_preprocessing,,,,,,,,,,,,,,,,0.5,119.0,2.0
0.5296875,0.5296875,0.41082668208451234,2.1783287525177,"{'classifier:__choice__': 'IForestClassifier', 'data_preprocessor:__choice__': 'NoPreprocessing', 'feature_preprocessor:__choice__': 'no_preprocessing', 'classifier:IForestClassifier:bootstrap': 'False', 'classifier:IForestClassifier:contamination': 0.05, 'classifier:IForestClassifier:max_features': 1.0, 'classifier:IForestClassifier:max_samples': 0.65, 'classifier:IForestClassifier:n_estimators': 150}",153,Success,0.0,IForestClassifier,NoPreprocessing,no_preprocessing,,,,,,,False,0.05,1.0,0.65,150.0,,,,,,,
0.5484375,0.5484375,0.4141236929472165,2.4645731449127197,"{'classifier:__choice__': 'KNNClassifier', 'data_preprocessor:__choice__': 'NoPreprocessing', 'feature_preprocessor:__choice__': 'no_preprocessing', 'classifier:KNNClassifier:contamination': 0.05, 'classifier:KNNClassifier:method': 'largest', 'classifier:KNNClassifier:n_neighbors': 111, 'classifier:KNNClassifier:p': 2}",113,Success,0.0,KNNClassifier,NoPreprocessing,no_preprocessing,,,,,,,,,,,,0.05,largest,111.0,2.0,,,
0.4526041666666667,0.4526041666666667,0.3542958587608436,2.5776095390319824,"{'classifier:__choice__': 'CBLOFClassifier', 'data_preprocessor:__choice__': 'NoPreprocessing', 'feature_preprocessor:__choice__': 'no_preprocessing', 'classifier:CBLOFClassifier:alpha': 0.7, 'classifier:CBLOFClassifier:beta': 8, 'classifier:CBLOFClassifier:contamination': 0.3, 'classifier:CBLOFClassifier:n_clusters': 10, 'classifier:CBLOFClassifier:use_weights': 'False'}",230,Success,0.0,CBLOFClassifier,NoPreprocessing,no_preprocessing,0.7,8.0,0.3,10.0,False,,,,,,,,,,,,,
0.4044791666666667,0.4044791666666667,0.37335778537744857,1.0166020393371582,"{'classifier:__choice__': 'LOFClassifier', 'data_preprocessor:__choice__': 'NoPreprocessing', 'feature_preprocessor:__choice__': 'no_preprocessing', 'classifier:LOFClassifier:contamination': 0.5, 'classifier:LOFClassifier:n_neighbors': 35, 'classifier:LOFClassifier:p': 2}",275,Success,0.0,LOFClassifier,NoPreprocessing,no_preprocessing,,,,,,,,,,,,,,,,0.5,35.0,2.0
0.5539583333333333,0.5539583333333333,0.42400698670685977,2.4390809535980225,"{'classifier:__choice__': 'CBLOFClassifier', 'data_preprocessor:__choice__': 'NoPreprocessing', 'feature_preprocessor:__choice__': 'no_preprocessing', 'classifier:CBLOFClassifier:alpha': 0.8500000000000001, 'classifier:CBLOFClassifier:beta': 20, 'classifier:CBLOFClassifier:contamination': 0.4, 'classifier:CBLOFClassifier:n_clusters': 2, 'classifier:CBLOFClassifier:use_weights': 'False'}",30,Success,0.0,CBLOFClassifier,NoPreprocessing,no_preprocessing,0.8500000000000001,20.0,0.4,2.0,False,,,,,,,,,,,,,
0.47187500000000004,0.47187500000000004,0.36549514216471535,1.0936453342437744,"{'classifier:__choice__': 'LOFClassifier', 'data_preprocessor:__choice__': 'NoPreprocessing', 'feature_preprocessor:__choice__': 'no_preprocessing', 'classifier:LOFClassifier:contamination': 0.4, 'classifier:LOFClassifier:n_neighbors': 122, 'classifier:LOFClassifier:p': 2}",206,Success,0.0,LOFClassifier,NoPreprocessing,no_preprocessing,,,,,,,,,,,,,,,,0.4,122.0,2.0
0.47406250000000005,0.47406250000000005,0.3661385929936877,1.0916633605957031,"{'classifier:__choice__': 'LOFClassifier', 'data_preprocessor:__choice__': 'NoPreprocessing', 'feature_preprocessor:__choice__': 'no_preprocessing', 'classifier:LOFClassifier:contamination': 0.05, 'classifier:LOFClassifier:n_neighbors': 127, 'classifier:LOFClassifier:p': 2}",201,Success,0.0,LOFClassifier,NoPreprocessing,no_preprocessing,,,,,,,,,,,,,,,,0.05,127.0,2.0
0.5492708333333334,0.5492708333333334,0.4302331125601967,2.3364038467407227,"{'classifier:__choice__': 'IForestClassifier', 'data_preprocessor:__choice__': 'NoPreprocessing', 'feature_preprocessor:__choice__': 'no_preprocessing', 'classifier:IForestClassifier:bootstrap': 'False', 'classifier:IForestClassifier:contamination': 0.35000000000000003, 'classifier:IForestClassifier:max_features': 1.0, 'classifier:IForestClassifier:max_samples': 0.35000000000000003, 'classifier:IForestClassifier:n_estimators': 160}",96,Success,0.0,IForestClassifier,NoPreprocessing,no_preprocessing,,,,,,,False,0.35000000000000003,1.0,0.35000000000000003,160.0,,,,,,,
0.5713541666666667,0.5713541666666667,0.44710541373137125,2.0446712970733643,"{'classifier:__choice__': 'IForestClassifier', 'data_preprocessor:__choice__': 'NoPreprocessing', 'feature_preprocessor:__choice__': 'no_preprocessing', 'classifier:IForestClassifier:bootstrap': 'False', 'classifier:IForestClassifier:contamination': 0.45, 'classifier:IForestClassifier:max_features': 1.0, 'classifier:IForestClassifier:max_samples': 0.2, 'classifier:IForestClassifier:n_estimators': 150}",16,Success,0.0,IForestClassifier,NoPreprocessing,no_preprocessing,,,,,,,False,0.45,1.0,0.2,150.0,,,,,,,
0.5296875000000001,0.5296875000000001,0.41492954115661207,2.370518922805786,"{'classifier:__choice__': 'IForestClassifier', 'data_preprocessor:__choice__': 'NoPreprocessing', 'feature_preprocessor:__choice__': 'no_preprocessing', 'classifier:IForestClassifier:bootstrap': 'False', 'classifier:IForestClassifier:contamination': 0.15000000000000002, 'classifier:IForestClassifier:max_features': 1.0, 'classifier:IForestClassifier:max_samples': 0.5, 'classifier:IForestClassifier:n_estimators': 180}",151,Success,0.0,IForestClassifier,NoPreprocessing,no_preprocessing,,,,,,,False,0.15000000000000002,1.0,0.5,180.0,,,,,,,
0.5499999999999999,0.5499999999999999,0.41172445229557564,2.0768425464630127,"{'classifier:__choice__': 'KNNClassifier', 'data_preprocessor:__choice__': 'NoPreprocessing', 'feature_preprocessor:__choice__': 'no_preprocessing', 'classifier:KNNClassifier:contamination': 0.05, 'classifier:KNNClassifier:method': 'largest', 'classifier:KNNClassifier:n_neighbors': 27, 'classifier:KNNClassifier:p': 2}",77,Success,0.0,KNNClassifier,NoPreprocessing,no_preprocessing,,,,,,,,,,,,0.05,largest,27.0,2.0,,,
0.5399999999999999,0.5399999999999999,0.4230225045877889,2.622230052947998,"{'classifier:__choice__': 'IForestClassifier', 'data_preprocessor:__choice__': 'NoPreprocessing', 'feature_preprocessor:__choice__': 'no_preprocessing', 'classifier:IForestClassifier:bootstrap': 'False', 'classifier:IForestClassifier:contamination': 0.35000000000000003, 'classifier:IForestClassifier:max_features': 1.0, 'classifier:IForestClassifier:max_samples': 0.45, 'classifier:IForestClassifier:n_estimators': 195}",137,Success,0.0,IForestClassifier,NoPreprocessing,no_preprocessing,,,,,,,False,0.35000000000000003,1.0,0.45,195.0,,,,,,,
0.47062500000000007,0.47062500000000007,0.3644865273837906,1.1229608058929443,"{'classifier:__choice__': 'LOFClassifier', 'data_preprocessor:__choice__': 'NoPreprocessing', 'feature_preprocessor:__choice__': 'no_preprocessing', 'classifier:LOFClassifier:contamination': 0.5, 'classifier:LOFClassifier:n_neighbors': 118, 'classifier:LOFClassifier:p': 2}",211,Success,0.0,LOFClassifier,NoPreprocessing,no_preprocessing,,,,,,,,,,,,,,,,0.5,118.0,2.0
0.42989583333333337,0.42989583333333337,0.3468183114765805,2.614866256713867,"{'classifier:__choice__': 'CBLOFClassifier', 'data_preprocessor:__choice__': 'NoPreprocessing', 'feature_preprocessor:__choice__': 'no_preprocessing', 'classifier:CBLOFClassifier:alpha': 0.55, 'classifier:CBLOFClassifier:beta': 6, 'classifier:CBLOFClassifier:contamination': 0.3, 'classifier:CBLOFClassifier:n_clusters': 4, 'classifier:CBLOFClassifier:use_weights': 'False'}",250,Success,0.0,CBLOFClassifier,NoPreprocessing,no_preprocessing,0.55,6.0,0.3,4.0,False,,,,,,,,,,,,,
0.5488541666666668,0.5488541666666668,0.41410330301236875,2.180595636367798,"{'classifier:__choice__': 'KNNClassifier', 'data_preprocessor:__choice__': 'NoPreprocessing', 'feature_preprocessor:__choice__': 'no_preprocessing', 'classifier:KNNClassifier:contamination': 0.1, 'classifier:KNNClassifier:method': 'largest', 'classifier:KNNClassifier:n_neighbors': 91, 'classifier:KNNClassifier:p': 2}",104,Success,0.0,KNNClassifier,NoPreprocessing,no_preprocessing,,,,,,,,,,,,0.1,largest,91.0,2.0,,,
0.5523958333333333,0.5523958333333333,0.4152592842414703,2.36354398727417,"{'classifier:__choice__': 'KNNClassifier', 'data_preprocessor:__choice__': 'NoPreprocessing', 'feature_preprocessor:__choice__': 'no_preprocessing', 'classifier:KNNClassifier:contamination': 0.2, 'classifier:KNNClassifier:method': 'largest', 'classifier:KNNClassifier:n_neighbors': 48, 'classifier:KNNClassifier:p': 2}",39,Success,0.0,KNNClassifier,NoPreprocessing,no_preprocessing,,,,,,,,,,,,0.2,largest,48.0,2.0,,,
0.5510416666666665,0.5510416666666665,0.41578585236088494,2.396049976348877,"{'classifier:__choice__': 'KNNClassifier', 'data_preprocessor:__choice__': 'NoPreprocessing', 'feature_preprocessor:__choice__': 'no_preprocessing', 'classifier:KNNClassifier:contamination': 0.25, 'classifier:KNNClassifier:method': 'largest', 'classifier:KNNClassifier:n_neighbors': 178, 'classifier:KNNClassifier:p': 2}",56,Success,0.0,KNNClassifier,NoPreprocessing,no_preprocessing,,,,,,,,,,,,0.25,largest,178.0,2.0,,,
0.4117708333333333,0.4117708333333333,0.3450605242235756,1.1340444087982178,"{'classifier:__choice__': 'LOFClassifier', 'data_preprocessor:__choice__': 'NoPreprocessing', 'feature_preprocessor:__choice__': 'no_preprocessing', 'classifier:LOFClassifier:contamination': 0.4, 'classifier:LOFClassifier:n_neighbors': 42, 'classifier:LOFClassifier:p': 2}",266,Success,0.0,LOFClassifier,NoPreprocessing,no_preprocessing,,,,,,,,,,,,,,,,0.4,42.0,2.0
0.5495833333333333,0.5495833333333333,0.4139123846621302,2.273761510848999,"{'classifier:__choice__': 'KNNClassifier', 'data_preprocessor:__choice__': 'NoPreprocessing', 'feature_preprocessor:__choice__': 'no_preprocessing', 'classifier:KNNClassifier:contamination': 0.05, 'classifier:KNNClassifier:method': 'largest', 'classifier:KNNClassifier:n_neighbors': 74, 'classifier:KNNClassifier:p': 2}",87,Success,0.0,KNNClassifier,NoPreprocessing,no_preprocessing,,,,,,,,,,,,0.05,largest,74.0,2.0,,,
0.47968749999999993,0.47968749999999993,0.3795931886558722,0.7222673892974854,"{'classifier:__choice__': 'IForestClassifier', 'data_preprocessor:__choice__': 'NoPreprocessing', 'feature_preprocessor:__choice__': 'no_preprocessing', 'classifier:IForestClassifier:bootstrap': 'False', 'classifier:IForestClassifier:contamination': 0.2, 'classifier:IForestClassifier:max_features': 1.0, 'classifier:IForestClassifier:max_samples': 0.4, 'classifier:IForestClassifier:n_estimators': 15}",193,Success,0.0,IForestClassifier,NoPreprocessing,no_preprocessing,,,,,,,False,0.2,1.0,0.4,15.0,,,,,,,
0.33333333333333337,0.33333333333333337,0.3085084163385725,2.5726935863494873,"{'classifier:__choice__': 'CBLOFClassifier', 'data_preprocessor:__choice__': 'NoPreprocessing', 'feature_preprocessor:__choice__': 'no_preprocessing', 'classifier:CBLOFClassifier:alpha': 0.9, 'classifier:CBLOFClassifier:beta': 10, 'classifier:CBLOFClassifier:contamination': 0.1, 'classifier:CBLOFClassifier:n_clusters': 14, 'classifier:CBLOFClassifier:use_weights': 'False'}",284,Success,0.0,CBLOFClassifier,NoPreprocessing,no_preprocessing,0.9,10.0,0.1,14.0,False,,,,,,,,,,,,,
0.42218749999999994,0.42218749999999994,0.34063383685785564,2.449834108352661,"{'classifier:__choice__': 'CBLOFClassifier', 'data_preprocessor:__choice__': 'NoPreprocessing', 'feature_preprocessor:__choice__': 'no_preprocessing', 'classifier:CBLOFClassifier:alpha': 0.75, 'classifier:CBLOFClassifier:beta': 4, 'classifier:CBLOFClassifier:contamination': 0.1, 'classifier:CBLOFClassifier:n_clusters': 6, 'classifier:CBLOFClassifier:use_weights': 'False'}",258,Success,0.0,CBLOFClassifier,NoPreprocessing,no_preprocessing,0.75,4.0,0.1,6.0,False,,,,,,,,,,,,,
0.5515625,0.5515625,0.41599125307892104,2.3780317306518555,"{'classifier:__choice__': 'KNNClassifier', 'data_preprocessor:__choice__': 'NoPreprocessing', 'feature_preprocessor:__choice__': 'no_preprocessing', 'classifier:KNNClassifier:contamination': 0.35000000000000003, 'classifier:KNNClassifier:method': 'largest', 'classifier:KNNClassifier:n_neighbors': 186, 'classifier:KNNClassifier:p': 2}",45,Success,0.0,KNNClassifier,NoPreprocessing,no_preprocessing,,,,,,,,,,,,0.35000000000000003,largest,186.0,2.0,,,
0.5519791666666667,0.5519791666666667,0.4153820855051362,2.2542946338653564,"{'classifier:__choice__': 'KNNClassifier', 'data_preprocessor:__choice__': 'NoPreprocessing', 'feature_preprocessor:__choice__': 'no_preprocessing', 'classifier:KNNClassifier:contamination': 0.25, 'classifier:KNNClassifier:method': 'largest', 'classifier:KNNClassifier:n_neighbors': 52, 'classifier:KNNClassifier:p': 2}",41,Success,0.0,KNNClassifier,NoPreprocessing,no_preprocessing,,,,,,,,,,,,0.25,largest,52.0,2.0,,,
0.550625,0.550625,0.4147848419999983,2.3836569786071777,"{'classifier:__choice__': 'KNNClassifier', 'data_preprocessor:__choice__': 'NoPreprocessing', 'feature_preprocessor:__choice__': 'no_preprocessing', 'classifier:KNNClassifier:contamination': 0.15000000000000002, 'classifier:KNNClassifier:method': 'largest', 'classifier:KNNClassifier:n_neighbors': 58, 'classifier:KNNClassifier:p': 2}",64,Success,0.0,KNNClassifier,NoPreprocessing,no_preprocessing,,,,,,,,,,,,0.15000000000000002,largest,58.0,2.0,,,
0.54875,0.54875,0.4136325702477883,2.190622568130493,"{'classifier:__choice__': 'KNNClassifier', 'data_preprocessor:__choice__': 'NoPreprocessing', 'feature_preprocessor:__choice__': 'no_preprocessing', 'classifier:KNNClassifier:contamination': 0.45, 'classifier:KNNClassifier:method': 'largest', 'classifier:KNNClassifier:n_neighbors': 84, 'classifier:KNNClassifier:p': 2}",109,Success,0.0,KNNClassifier,NoPreprocessing,no_preprocessing,,,,,,,,,,,,0.45,largest,84.0,2.0,,,
0.3455208333333333,0.3455208333333333,0.3153969074102172,2.6072628498077393,"{'classifier:__choice__': 'CBLOFClassifier', 'data_preprocessor:__choice__': 'NoPreprocessing', 'feature_preprocessor:__choice__': 'no_preprocessing', 'classifier:CBLOFClassifier:alpha': 0.6, 'classifier:CBLOFClassifier:beta': 16, 'classifier:CBLOFClassifier:contamination': 0.5, 'classifier:CBLOFClassifier:n_clusters': 8, 'classifier:CBLOFClassifier:use_weights': 'False'}",278,Success,0.0,CBLOFClassifier,NoPreprocessing,no_preprocessing,0.6,16.0,0.5,8.0,False,,,,,,,,,,,,,
0.4793229166666667,0.4793229166666667,0.3804932871935409,0.7230706214904785,"{'classifier:__choice__': 'IForestClassifier', 'data_preprocessor:__choice__': 'NoPreprocessing', 'feature_preprocessor:__choice__': 'no_preprocessing', 'classifier:IForestClassifier:bootstrap': 'False', 'classifier:IForestClassifier:contamination': 0.4, 'classifier:IForestClassifier:max_features': 1.0, 'classifier:IForestClassifier:max_samples': 0.5, 'classifier:IForestClassifier:n_estimators': 15}",194,Success,0.0,IForestClassifier,NoPreprocessing,no_preprocessing,,,,,,,False,0.4,1.0,0.5,15.0,,,,,,,
0.4596875,0.4596875,0.3600378593785748,1.0884385108947754,"{'classifier:__choice__': 'LOFClassifier', 'data_preprocessor:__choice__': 'NoPreprocessing', 'feature_preprocessor:__choice__': 'no_preprocessing', 'classifier:LOFClassifier:contamination': 0.2, 'classifier:LOFClassifier:n_neighbors': 99, 'classifier:LOFClassifier:p': 2}",217,Success,0.0,LOFClassifier,NoPreprocessing,no_preprocessing,,,,,,,,,,,,,,,,0.2,99.0,2.0
0.5583333333333333,0.5583333333333333,0.4350252226524518,2.1341681480407715,"{'classifier:__choice__': 'IForestClassifier', 'data_preprocessor:__choice__': 'NoPreprocessing', 'feature_preprocessor:__choice__': 'no_preprocessing', 'classifier:IForestClassifier:bootstrap': 'False', 'classifier:IForestClassifier:contamination': 0.25, 'classifier:IForestClassifier:max_features': 1.0, 'classifier:IForestClassifier:max_samples': 0.30000000000000004, 'classifier:IForestClassifier:n_estimators': 145}",26,Success,0.0,IForestClassifier,NoPreprocessing,no_preprocessing,,,,,,,False,0.25,1.0,0.30000000000000004,145.0,,,,,,,
0.5301041666666666,0.5301041666666666,0.41783410502656415,1.2216253280639648,"{'classifier:__choice__': 'IForestClassifier', 'data_preprocessor:__choice__': 'NoPreprocessing', 'feature_preprocessor:__choice__': 'no_preprocessing', 'classifier:IForestClassifier:bootstrap': 'False', 'classifier:IForestClassifier:contamination': 0.1, 'classifier:IForestClassifier:max_features': 1.0, 'classifier:IForestClassifier:max_samples': 0.4, 'classifier:IForestClassifier:n_estimators': 65}",149,Success,0.0,IForestClassifier,NoPreprocessing,no_preprocessing,,,,,,,False,0.1,1.0,0.4,65.0,,,,,,,
0.3318749999999999,0.3318749999999999,0.3080976996724012,2.590163469314575,"{'classifier:__choice__': 'CBLOFClassifier', 'data_preprocessor:__choice__': 'NoPreprocessing', 'feature_preprocessor:__choice__': 'no_preprocessing', 'classifier:CBLOFClassifier:alpha': 0.75, 'classifier:CBLOFClassifier:beta': 16, 'classifier:CBLOFClassifier:contamination': 0.35000000000000003, 'classifier:CBLOFClassifier:n_clusters': 14, 'classifier:CBLOFClassifier:use_weights': 'False'}",294,Success,0.0,CBLOFClassifier,NoPreprocessing,no_preprocessing,0.75,16.0,0.35000000000000003,14.0,False,,,,,,,,,,,,,
0.5428125,0.5428125,0.4188805519420107,2.2255284786224365,"{'classifier:__choice__': 'IForestClassifier', 'data_preprocessor:__choice__': 'NoPreprocessing', 'feature_preprocessor:__choice__': 'no_preprocessing', 'classifier:IForestClassifier:bootstrap': 'False', 'classifier:IForestClassifier:contamination': 0.35000000000000003, 'classifier:IForestClassifier:max_features': 1.0, 'classifier:IForestClassifier:max_samples': 0.75, 'classifier:IForestClassifier:n_estimators': 155}",130,Success,0.0,IForestClassifier,NoPreprocessing,no_preprocessing,,,,,,,False,0.35000000000000003,1.0,0.75,155.0,,,,,,,
0.0,,,0.5722329616546631,"{'classifier:__choice__': 'CBLOFClassifier', 'data_preprocessor:__choice__': 'NoPreprocessing', 'feature_preprocessor:__choice__': 'no_preprocessing', 'classifier:CBLOFClassifier:alpha': 1.0, 'classifier:CBLOFClassifier:beta': 8, 'classifier:CBLOFClassifier:contamination': 0.3, 'classifier:CBLOFClassifier:n_clusters': 14, 'classifier:CBLOFClassifier:use_weights': 'False'}",303,Crash,0.0,CBLOFClassifier,NoPreprocessing,no_preprocessing,1.0,8.0,0.3,14.0,False,,,,,,,,,,,,,
0.5508333333333333,0.5508333333333333,0.41565330680068513,2.4803872108459473,"{'classifier:__choice__': 'KNNClassifier', 'data_preprocessor:__choice__': 'NoPreprocessing', 'feature_preprocessor:__choice__': 'no_preprocessing', 'classifier:KNNClassifier:contamination': 0.05, 'classifier:KNNClassifier:method': 'largest', 'classifier:KNNClassifier:n_neighbors': 153, 'classifier:KNNClassifier:p': 2}",58,Success,0.0,KNNClassifier,NoPreprocessing,no_preprocessing,,,,,,,,,,,,0.05,largest,153.0,2.0,,,
0.5496875,0.5496875,0.41412409758619995,2.1078598499298096,"{'classifier:__choice__': 'KNNClassifier', 'data_preprocessor:__choice__': 'NoPreprocessing', 'feature_preprocessor:__choice__': 'no_preprocessing', 'classifier:KNNClassifier:contamination': 0.25, 'classifier:KNNClassifier:method': 'largest', 'classifier:KNNClassifier:n_neighbors': 64, 'classifier:KNNClassifier:p': 2}",85,Success,0.0,KNNClassifier,NoPreprocessing,no_preprocessing,,,,,,,,,,,,0.25,largest,64.0,2.0,,,
0.4577083333333334,0.4577083333333334,0.3655592255462319,2.7373504638671875,"{'classifier:__choice__': 'CBLOFClassifier', 'data_preprocessor:__choice__': 'NoPreprocessing', 'feature_preprocessor:__choice__': 'no_preprocessing', 'classifier:CBLOFClassifier:alpha': 0.55, 'classifier:CBLOFClassifier:beta': 14, 'classifier:CBLOFClassifier:contamination': 0.45, 'classifier:CBLOFClassifier:n_clusters': 12, 'classifier:CBLOFClassifier:use_weights': 'False'}",221,Success,0.0,CBLOFClassifier,NoPreprocessing,no_preprocessing,0.55,14.0,0.45,12.0,False,,,,,,,,,,,,,
0.46614583333333337,0.46614583333333337,0.36257986686752,1.0740575790405273,"{'classifier:__choice__': 'LOFClassifier', 'data_preprocessor:__choice__': 'NoPreprocessing', 'feature_preprocessor:__choice__': 'no_preprocessing', 'classifier:LOFClassifier:contamination': 0.2, 'classifier:LOFClassifier:n_neighbors': 107, 'classifier:LOFClassifier:p': 2}",215,Success,0.0,LOFClassifier,NoPreprocessing,no_preprocessing,,,,,,,,,,,,,,,,0.2,107.0,2.0
0.5567708333333333,0.5567708333333333,0.4197250213289345,2.2034337520599365,"{'classifier:__choice__': 'KNNClassifier', 'data_preprocessor:__choice__': 'NoPreprocessing', 'feature_preprocessor:__choice__': 'no_preprocessing', 'classifier:KNNClassifier:contamination': 0.4, 'classifier:KNNClassifier:method': 'largest', 'classifier:KNNClassifier:n_neighbors': 8, 'classifier:KNNClassifier:p': 2}",27,Success,0.0,KNNClassifier,NoPreprocessing,no_preprocessing,,,,,,,,,,,,0.4,largest,8.0,2.0,,,
0.42989583333333337,0.42989583333333337,0.3468183114765805,2.4384372234344482,"{'classifier:__choice__': 'CBLOFClassifier', 'data_preprocessor:__choice__': 'NoPreprocessing', 'feature_preprocessor:__choice__': 'no_preprocessing', 'classifier:CBLOFClassifier:alpha': 0.5, 'classifier:CBLOFClassifier:beta': 6, 'classifier:CBLOFClassifier:contamination': 0.5, 'classifier:CBLOFClassifier:n_clusters': 4, 'classifier:CBLOFClassifier:use_weights': 'False'}",250,Success,0.0,CBLOFClassifier,NoPreprocessing,no_preprocessing,0.5,6.0,0.5,4.0,False,,,,,,,,,,,,,
0.41000000000000003,0.41000000000000003,0.34215675576139226,1.0369760990142822,"{'classifier:__choice__': 'LOFClassifier', 'data_preprocessor:__choice__': 'NoPreprocessing', 'feature_preprocessor:__choice__': 'no_preprocessing', 'classifier:LOFClassifier:contamination': 0.05, 'classifier:LOFClassifier:n_neighbors': 50, 'classifier:LOFClassifier:p': 2}",268,Success,0.0,LOFClassifier,NoPreprocessing,no_preprocessing,,,,,,,,,,,,,,,,0.05,50.0,2.0
0.4804166666666667,0.4804166666666667,0.37015006389915395,1.0929288864135742,"{'classifier:__choice__': 'LOFClassifier', 'data_preprocessor:__choice__': 'NoPreprocessing', 'feature_preprocessor:__choice__': 'no_preprocessing', 'classifier:LOFClassifier:contamination': 0.5, 'classifier:LOFClassifier:n_neighbors': 143, 'classifier:LOFClassifier:p': 2}",192,Success,0.0,LOFClassifier,NoPreprocessing,no_preprocessing,,,,,,,,,,,,,,,,0.5,143.0,2.0
0.4827604166666667,0.4827604166666667,0.4099955203360359,0.9737484455108643,"{'classifier:__choice__': 'LOFClassifier', 'data_preprocessor:__choice__': 'NoPreprocessing', 'feature_preprocessor:__choice__': 'no_preprocessing', 'classifier:LOFClassifier:contamination': 0.2, 'classifier:LOFClassifier:n_neighbors': 1, 'classifier:LOFClassifier:p': 2}",189,Success,0.0,LOFClassifier,NoPreprocessing,no_preprocessing,,,,,,,,,,,,,,,,0.2,1.0,2.0
0.4526041666666667,0.4526041666666667,0.3542958587608436,2.6405584812164307,"{'classifier:__choice__': 'CBLOFClassifier', 'data_preprocessor:__choice__': 'NoPreprocessing', 'feature_preprocessor:__choice__': 'no_preprocessing', 'classifier:CBLOFClassifier:alpha': 0.65, 'classifier:CBLOFClassifier:beta': 8, 'classifier:CBLOFClassifier:contamination': 0.5, 'classifier:CBLOFClassifier:n_clusters': 10, 'classifier:CBLOFClassifier:use_weights': 'False'}",230,Success,0.0,CBLOFClassifier,NoPreprocessing,no_preprocessing,0.65,8.0,0.5,10.0,False,,,,,,,,,,,,,
0.4934375,0.4934375,0.3769923404267066,1.1450777053833008,"{'classifier:__choice__': 'LOFClassifier', 'data_preprocessor:__choice__': 'NoPreprocessing', 'feature_preprocessor:__choice__': 'no_preprocessing', 'classifier:LOFClassifier:contamination': 0.05, 'classifier:LOFClassifier:n_neighbors': 190, 'classifier:LOFClassifier:p': 2}",170,Success,0.0,LOFClassifier,NoPreprocessing,no_preprocessing,,,,,,,,,,,,,,,,0.05,190.0,2.0
0.40593750000000006,0.40593750000000006,0.3420631725325539,1.0238983631134033,"{'classifier:__choice__': 'LOFClassifier', 'data_preprocessor:__choice__': 'NoPreprocessing', 'feature_preprocessor:__choice__': 'no_preprocessing', 'classifier:LOFClassifier:contamination': 0.25, 'classifier:LOFClassifier:n_neighbors': 48, 'classifier:LOFClassifier:p': 2}",272,Success,0.0,LOFClassifier,NoPreprocessing,no_preprocessing,,,,,,,,,,,,,,,,0.25,48.0,2.0
0.5422916666666666,0.5422916666666666,0.42131881675201166,2.3426623344421387,"{'classifier:__choice__': 'IForestClassifier', 'data_preprocessor:__choice__': 'NoPreprocessing', 'feature_preprocessor:__choice__': 'no_preprocessing', 'classifier:IForestClassifier:bootstrap': 'False', 'classifier:IForestClassifier:contamination': 0.2, 'classifier:IForestClassifier:max_features': 1.0, 'classifier:IForestClassifier:max_samples': 0.9000000000000001, 'classifier:IForestClassifier:n_estimators': 155}",133,Success,0.0,IForestClassifier,NoPreprocessing,no_preprocessing,,,,,,,False,0.2,1.0,0.9000000000000001,155.0,,,,,,,
0.47666666666666657,0.47666666666666657,0.3677649483320864,1.1182832717895508,"{'classifier:__choice__': 'LOFClassifier', 'data_preprocessor:__choice__': 'NoPreprocessing', 'feature_preprocessor:__choice__': 'no_preprocessing', 'classifier:LOFClassifier:contamination': 0.35000000000000003, 'classifier:LOFClassifier:n_neighbors': 134, 'classifier:LOFClassifier:p': 2}",195,Success,0.0,LOFClassifier,NoPreprocessing,no_preprocessing,,,,,,,,,,,,,,,,0.35000000000000003,134.0,2.0
0.5484375,0.5484375,0.41392119869870037,2.4523158073425293,"{'classifier:__choice__': 'KNNClassifier', 'data_preprocessor:__choice__': 'NoPreprocessing', 'feature_preprocessor:__choice__': 'no_preprocessing', 'classifier:KNNClassifier:contamination': 0.25, 'classifier:KNNClassifier:method': 'largest', 'classifier:KNNClassifier:n_neighbors': 96, 'classifier:KNNClassifier:p': 2}",113,Success,0.0,KNNClassifier,NoPreprocessing,no_preprocessing,,,,,,,,,,,,0.25,largest,96.0,2.0,,,
0.52875,0.52875,0.4154676583477528,2.592916488647461,"{'classifier:__choice__': 'IForestClassifier', 'data_preprocessor:__choice__': 'NoPreprocessing', 'feature_preprocessor:__choice__': 'no_preprocessing', 'classifier:IForestClassifier:bootstrap': 'False', 'classifier:IForestClassifier:contamination': 0.4, 'classifier:IForestClassifier:max_features': 1.0, 'classifier:IForestClassifier:max_samples': 0.5, 'classifier:IForestClassifier:n_estimators': 190}",154,Success,0.0,IForestClassifier,NoPreprocessing,no_preprocessing,,,,,,,False,0.4,1.0,0.5,190.0,,,,,,,
0.0,,,0.5343294143676758,"{'classifier:__choice__': 'CBLOFClassifier', 'data_preprocessor:__choice__': 'NoPreprocessing', 'feature_preprocessor:__choice__': 'no_preprocessing', 'classifier:CBLOFClassifier:alpha': 1.0, 'classifier:CBLOFClassifier:beta': 18, 'classifier:CBLOFClassifier:contamination': 0.5, 'classifier:CBLOFClassifier:n_clusters': 8, 'classifier:CBLOFClassifier:use_weights': 'False'}",303,Crash,0.0,CBLOFClassifier,NoPreprocessing,no_preprocessing,1.0,18.0,0.5,8.0,False,,,,,,,,,,,,,
0.5482291666666667,0.5482291666666667,0.4137752272367383,2.373701333999634,"{'classifier:__choice__': 'KNNClassifier', 'data_preprocessor:__choice__': 'NoPreprocessing', 'feature_preprocessor:__choice__': 'no_preprocessing', 'classifier:KNNClassifier:contamination': 0.35000000000000003, 'classifier:KNNClassifier:method': 'largest', 'classifier:KNNClassifier:n_neighbors': 103, 'classifier:KNNClassifier:p': 2}",119,Success,0.0,KNNClassifier,NoPreprocessing,no_preprocessing,,,,,,,,,,,,0.35000000000000003,largest,103.0,2.0,,,
0.5483333333333333,0.5483333333333333,0.41454873454215746,2.2185914516448975,"{'classifier:__choice__': 'KNNClassifier', 'data_preprocessor:__choice__': 'NoPreprocessing', 'feature_preprocessor:__choice__': 'no_preprocessing', 'classifier:KNNClassifier:contamination': 0.15000000000000002, 'classifier:KNNClassifier:method': 'largest', 'classifier:KNNClassifier:n_neighbors': 116, 'classifier:KNNClassifier:p': 2}",117,Success,0.0,KNNClassifier,NoPreprocessing,no_preprocessing,,,,,,,,,,,,0.15000000000000002,largest,116.0,2.0,,,
0.5898958333333333,0.5898958333333333,0.46104645382852005,1.5599076747894287,"{'classifier:__choice__': 'IForestClassifier', 'data_preprocessor:__choice__': 'NoPreprocessing', 'feature_preprocessor:__choice__': 'no_preprocessing', 'classifier:IForestClassifier:bootstrap': 'False', 'classifier:IForestClassifier:contamination': 0.45, 'classifier:IForestClassifier:max_features': 1.0, 'classifier:IForestClassifier:max_samples': 0.2, 'classifier:IForestClassifier:n_estimators': 85}",12,Success,0.0,IForestClassifier,NoPreprocessing,no_preprocessing,,,,,,,False,0.45,1.0,0.2,85.0,,,,,,,
0.47625000000000006,0.47625000000000006,0.3676254124025409,1.1077723503112793,"{'classifier:__choice__': 'LOFClassifier', 'data_preprocessor:__choice__': 'NoPreprocessing', 'feature_preprocessor:__choice__': 'no_preprocessing', 'classifier:LOFClassifier:contamination': 0.5, 'classifier:LOFClassifier:n_neighbors': 133, 'classifier:LOFClassifier:p': 2}",196,Success,0.0,LOFClassifier,NoPreprocessing,no_preprocessing,,,,,,,,,,,,,,,,0.5,133.0,2.0
0.5486458333333333,0.5486458333333333,0.4140387567625423,2.1570258140563965,"{'classifier:__choice__': 'KNNClassifier', 'data_preprocessor:__choice__': 'NoPreprocessing', 'feature_preprocessor:__choice__': 'no_preprocessing', 'classifier:KNNClassifier:contamination': 0.1, 'classifier:KNNClassifier:method': 'largest', 'classifier:KNNClassifier:n_neighbors': 97, 'classifier:KNNClassifier:p': 2}",111,Success,0.0,KNNClassifier,NoPreprocessing,no_preprocessing,,,,,,,,,,,,0.1,largest,97.0,2.0,,,
0.5503125000000001,0.5503125000000001,0.41547750963713215,2.651308298110962,"{'classifier:__choice__': 'KNNClassifier', 'data_preprocessor:__choice__': 'NoPreprocessing', 'feature_preprocessor:__choice__': 'no_preprocessing', 'classifier:KNNClassifier:contamination': 0.45, 'classifier:KNNClassifier:method': 'largest', 'classifier:KNNClassifier:n_neighbors': 143, 'classifier:KNNClassifier:p': 2}",71,Success,0.0,KNNClassifier,NoPreprocessing,no_preprocessing,,,,,,,,,,,,0.45,largest,143.0,2.0,,,
0.5212500000000001,0.5212500000000001,0.4144779081914447,0.7236599922180176,"{'classifier:__choice__': 'IForestClassifier', 'data_preprocessor:__choice__': 'NoPreprocessing', 'feature_preprocessor:__choice__': 'no_preprocessing', 'classifier:IForestClassifier:bootstrap': 'False', 'classifier:IForestClassifier:contamination': 0.45, 'classifier:IForestClassifier:max_features': 1.0, 'classifier:IForestClassifier:max_samples': 0.9000000000000001, 'classifier:IForestClassifier:n_estimators': 15}",157,Success,0.0,IForestClassifier,NoPreprocessing,no_preprocessing,,,,,,,False,0.45,1.0,0.9000000000000001,15.0,,,,,,,
0.5493750000000001,0.5493750000000001,0.4113684906173021,2.245208501815796,"{'classifier:__choice__': 'KNNClassifier', 'data_preprocessor:__choice__': 'NoPreprocessing', 'feature_preprocessor:__choice__': 'no_preprocessing', 'classifier:KNNClassifier:contamination': 0.35000000000000003, 'classifier:KNNClassifier:method': 'largest', 'classifier:KNNClassifier:n_neighbors': 26, 'classifier:KNNClassifier:p': 2}",92,Success,0.0,KNNClassifier,NoPreprocessing,no_preprocessing,,,,,,,,,,,,0.35000000000000003,largest,26.0,2.0,,,
0.5591666666666666,0.5591666666666666,0.4331465797270271,1.379908561706543,"{'classifier:__choice__': 'IForestClassifier', 'data_preprocessor:__choice__': 'NoPreprocessing', 'feature_preprocessor:__choice__': 'no_preprocessing', 'classifier:IForestClassifier:bootstrap': 'False', 'classifier:IForestClassifier:contamination': 0.05, 'classifier:IForestClassifier:max_features': 1.0, 'classifier:IForestClassifier:max_samples': 0.8, 'classifier:IForestClassifier:n_estimators': 80}",24,Success,0.0,IForestClassifier,NoPreprocessing,no_preprocessing,,,,,,,False,0.05,1.0,0.8,80.0,,,,,,,
0.5489583333333332,0.5489583333333332,0.4251075582519305,2.508493185043335,"{'classifier:__choice__': 'IForestClassifier', 'data_preprocessor:__choice__': 'NoPreprocessing', 'feature_preprocessor:__choice__': 'no_preprocessing', 'classifier:IForestClassifier:bootstrap': 'False', 'classifier:IForestClassifier:contamination': 0.4, 'classifier:IForestClassifier:max_features': 1.0, 'classifier:IForestClassifier:max_samples': 0.8, 'classifier:IForestClassifier:n_estimators': 190}",103,Success,0.0,IForestClassifier,NoPreprocessing,no_preprocessing,,,,,,,False,0.4,1.0,0.8,190.0,,,,,,,
0.4738541666666667,0.4738541666666667,0.366189126942162,1.1200861930847168,"{'classifier:__choice__': 'LOFClassifier', 'data_preprocessor:__choice__': 'NoPreprocessing', 'feature_preprocessor:__choice__': 'no_preprocessing', 'classifier:LOFClassifier:contamination': 0.05, 'classifier:LOFClassifier:n_neighbors': 130, 'classifier:LOFClassifier:p': 2}",204,Success,0.0,LOFClassifier,NoPreprocessing,no_preprocessing,,,,,,,,,,,,,,,,0.05,130.0,2.0
0.5483333333333333,0.5483333333333333,0.41454873454215746,2.401715040206909,"{'classifier:__choice__': 'KNNClassifier', 'data_preprocessor:__choice__': 'NoPreprocessing', 'feature_preprocessor:__choice__': 'no_preprocessing', 'classifier:KNNClassifier:contamination': 0.25, 'classifier:KNNClassifier:method': 'largest', 'classifier:KNNClassifier:n_neighbors': 116, 'classifier:KNNClassifier:p': 2}",117,Success,0.0,KNNClassifier,NoPreprocessing,no_preprocessing,,,,,,,,,,,,0.25,largest,116.0,2.0,,,
0.44625000000000004,0.44625000000000004,0.3507513505806693,2.46876859664917,"{'classifier:__choice__': 'CBLOFClassifier', 'data_preprocessor:__choice__': 'NoPreprocessing', 'feature_preprocessor:__choice__': 'no_preprocessing', 'classifier:CBLOFClassifier:alpha': 0.6, 'classifier:CBLOFClassifier:beta': 14, 'classifier:CBLOFClassifier:contamination': 0.25, 'classifier:CBLOFClassifier:n_clusters': 6, 'classifier:CBLOFClassifier:use_weights': 'False'}",238,Success,0.0,CBLOFClassifier,NoPreprocessing,no_preprocessing,0.6,14.0,0.25,6.0,False,,,,,,,,,,,,,
0.46864583333333343,0.46864583333333343,0.363493527875253,1.0969045162200928,"{'classifier:__choice__': 'LOFClassifier', 'data_preprocessor:__choice__': 'NoPreprocessing', 'feature_preprocessor:__choice__': 'no_preprocessing', 'classifier:LOFClassifier:contamination': 0.45, 'classifier:LOFClassifier:n_neighbors': 109, 'classifier:LOFClassifier:p': 2}",213,Success,0.0,LOFClassifier,NoPreprocessing,no_preprocessing,,,,,,,,,,,,,,,,0.45,109.0,2.0
0.536875,0.536875,0.41755420883795247,1.826019287109375,"{'classifier:__choice__': 'IForestClassifier', 'data_preprocessor:__choice__': 'NoPreprocessing', 'feature_preprocessor:__choice__': 'no_preprocessing', 'classifier:IForestClassifier:bootstrap': 'False', 'classifier:IForestClassifier:contamination': 0.3, 'classifier:IForestClassifier:max_features': 1.0, 'classifier:IForestClassifier:max_samples': 0.65, 'classifier:IForestClassifier:n_estimators': 105}",143,Success,0.0,IForestClassifier,NoPreprocessing,no_preprocessing,,,,,,,False,0.3,1.0,0.65,105.0,,,,,,,
0.5490625,0.5490625,0.4141116880659801,2.2058262825012207,"{'classifier:__choice__': 'KNNClassifier', 'data_preprocessor:__choice__': 'NoPreprocessing', 'feature_preprocessor:__choice__': 'no_preprocessing', 'classifier:KNNClassifier:contamination': 0.4, 'classifier:KNNClassifier:method': 'largest', 'classifier:KNNClassifier:n_neighbors': 88, 'classifier:KNNClassifier:p': 2}",99,Success,0.0,KNNClassifier,NoPreprocessing,no_preprocessing,,,,,,,,,,,,0.4,largest,88.0,2.0,,,
0.5635416666666666,0.5635416666666666,0.438594000902379,1.7446646690368652,"{'classifier:__choice__': 'IForestClassifier', 'data_preprocessor:__choice__': 'NoPreprocessing', 'feature_preprocessor:__choice__': 'no_preprocessing', 'classifier:IForestClassifier:bootstrap': 'False', 'classifier:IForestClassifier:contamination': 0.5, 'classifier:IForestClassifier:max_features': 1.0, 'classifier:IForestClassifier:max_samples': 0.35000000000000003, 'classifier:IForestClassifier:n_estimators': 110}",22,Success,0.0,IForestClassifier,NoPreprocessing,no_preprocessing,,,,,,,False,0.5,1.0,0.35000000000000003,110.0,,,,,,,
0.5562499999999999,0.5562499999999999,0.42925812181284384,2.5897059440612793,"{'classifier:__choice__': 'IForestClassifier', 'data_preprocessor:__choice__': 'NoPreprocessing', 'feature_preprocessor:__choice__': 'no_preprocessing', 'classifier:IForestClassifier:bootstrap': 'False', 'classifier:IForestClassifier:contamination': 0.45, 'classifier:IForestClassifier:max_features': 1.0, 'classifier:IForestClassifier:max_samples': 0.95, 'classifier:IForestClassifier:n_estimators': 200}",28,Success,0.0,IForestClassifier,NoPreprocessing,no_preprocessing,,,,,,,False,0.45,1.0,0.95,200.0,,,,,,,
0.42989583333333337,0.42989583333333337,0.3468183114765805,2.4493141174316406,"{'classifier:__choice__': 'CBLOFClassifier', 'data_preprocessor:__choice__': 'NoPreprocessing', 'feature_preprocessor:__choice__': 'no_preprocessing', 'classifier:CBLOFClassifier:alpha': 0.6, 'classifier:CBLOFClassifier:beta': 8, 'classifier:CBLOFClassifier:contamination': 0.25, 'classifier:CBLOFClassifier:n_clusters': 4, 'classifier:CBLOFClassifier:use_weights': 'False'}",250,Success,0.0,CBLOFClassifier,NoPreprocessing,no_preprocessing,0.6,8.0,0.25,4.0,False,,,,,,,,,,,,,
0.4309375,0.4309375,0.3469728108720047,1.0451462268829346,"{'classifier:__choice__': 'LOFClassifier', 'data_preprocessor:__choice__': 'NoPreprocessing', 'feature_preprocessor:__choice__': 'no_preprocessing', 'classifier:LOFClassifier:contamination': 0.2, 'classifier:LOFClassifier:n_neighbors': 68, 'classifier:LOFClassifier:p': 2}",249,Success,0.0,LOFClassifier,NoPreprocessing,no_preprocessing,,,,,,,,,,,,,,,,0.2,68.0,2.0
0.5985416666666666,0.5985416666666666,0.4724932958141641,0.9422051906585693,"{'classifier:__choice__': 'IForestClassifier', 'data_preprocessor:__choice__': 'NoPreprocessing', 'feature_preprocessor:__choice__': 'no_preprocessing', 'classifier:IForestClassifier:bootstrap': 'False', 'classifier:IForestClassifier:contamination': 0.2, 'classifier:IForestClassifier:max_features': 1.0, 'classifier:IForestClassifier:max_samples': 0.2, 'classifier:IForestClassifier:n_estimators': 35}",11,Success,0.0,IForestClassifier,NoPreprocessing,no_preprocessing,,,,,,,False,0.2,1.0,0.2,35.0,,,,,,,
0.4565625,0.4565625,0.3555253491150404,2.63008975982666,"{'classifier:__choice__': 'CBLOFClassifier', 'data_preprocessor:__choice__': 'NoPreprocessing', 'feature_preprocessor:__choice__': 'no_preprocessing', 'classifier:CBLOFClassifier:alpha': 0.8, 'classifier:CBLOFClassifier:beta': 8, 'classifier:CBLOFClassifier:contamination': 0.25, 'classifier:CBLOFClassifier:n_clusters': 10, 'classifier:CBLOFClassifier:use_weights': 'False'}",225,Success,0.0,CBLOFClassifier,NoPreprocessing,no_preprocessing,0.8,8.0,0.25,10.0,False,,,,,,,,,,,,,
0.3325,0.3325,0.31815100237900984,2.6061513423919678,"{'classifier:__choice__': 'CBLOFClassifier', 'data_preprocessor:__choice__': 'NoPreprocessing', 'feature_preprocessor:__choice__': 'no_preprocessing', 'classifier:CBLOFClassifier:alpha': 0.8500000000000001, 'classifier:CBLOFClassifier:beta': 10, 'classifier:CBLOFClassifier:contamination': 0.15000000000000002, 'classifier:CBLOFClassifier:n_clusters': 16, 'classifier:CBLOFClassifier:use_weights': 'False'}",289,Success,0.0,CBLOFClassifier,NoPreprocessing,no_preprocessing,0.8500000000000001,10.0,0.15000000000000002,16.0,False,,,,,,,,,,,,,
0.5539583333333333,0.5539583333333333,0.42400698670685977,2.3276145458221436,"{'classifier:__choice__': 'CBLOFClassifier', 'data_preprocessor:__choice__': 'NoPreprocessing', 'feature_preprocessor:__choice__': 'no_preprocessing', 'classifier:CBLOFClassifier:alpha': 0.9, 'classifier:CBLOFClassifier:beta': 20, 'classifier:CBLOFClassifier:contamination': 0.35000000000000003, 'classifier:CBLOFClassifier:n_clusters': 2, 'classifier:CBLOFClassifier:use_weights': 'False'}",30,Success,0.0,CBLOFClassifier,NoPreprocessing,no_preprocessing,0.9,20.0,0.35000000000000003,2.0,False,,,,,,,,,,,,,
0.4888541666666667,0.4888541666666667,0.37512591109531457,1.1320555210113525,"{'classifier:__choice__': 'LOFClassifier', 'data_preprocessor:__choice__': 'NoPreprocessing', 'feature_preprocessor:__choice__': 'no_preprocessing', 'classifier:LOFClassifier:contamination': 0.05, 'classifier:LOFClassifier:n_neighbors': 171, 'classifier:LOFClassifier:p': 2}",178,Success,0.0,LOFClassifier,NoPreprocessing,no_preprocessing,,,,,,,,,,,,,,,,0.05,171.0,2.0
0.45625000000000004,0.45625000000000004,0.3588281354822077,1.0871250629425049,"{'classifier:__choice__': 'LOFClassifier', 'data_preprocessor:__choice__': 'NoPreprocessing', 'feature_preprocessor:__choice__': 'no_preprocessing', 'classifier:LOFClassifier:contamination': 0.2, 'classifier:LOFClassifier:n_neighbors': 94, 'classifier:LOFClassifier:p': 2}",228,Success,0.0,LOFClassifier,NoPreprocessing,no_preprocessing,,,,,,,,,,,,,,,,0.2,94.0,2.0
0.5502083333333334,0.5502083333333334,0.41427857806544977,2.3262219429016113,"{'classifier:__choice__': 'KNNClassifier', 'data_preprocessor:__choice__': 'NoPreprocessing', 'feature_preprocessor:__choice__': 'no_preprocessing', 'classifier:KNNClassifier:contamination': 0.35000000000000003, 'classifier:KNNClassifier:method': 'largest', 'classifier:KNNClassifier:n_neighbors': 72, 'classifier:KNNClassifier:p': 2}",73,Success,0.0,KNNClassifier,NoPreprocessing,no_preprocessing,,,,,,,,,,,,0.35000000000000003,largest,72.0,2.0,,,
0.4748958333333333,0.4748958333333333,0.3748993317856525,1.023482084274292,"{'classifier:__choice__': 'LOFClassifier', 'data_preprocessor:__choice__': 'NoPreprocessing', 'feature_preprocessor:__choice__': 'no_preprocessing', 'classifier:LOFClassifier:contamination': 0.4, 'classifier:LOFClassifier:n_neighbors': 17, 'classifier:LOFClassifier:p': 2}",198,Success,0.0,LOFClassifier,NoPreprocessing,no_preprocessing,,,,,,,,,,,,,,,,0.4,17.0,2.0
0.5484375,0.5484375,0.4145907429723238,2.4271299839019775,"{'classifier:__choice__': 'KNNClassifier', 'data_preprocessor:__choice__': 'NoPreprocessing', 'feature_preprocessor:__choice__': 'no_preprocessing', 'classifier:KNNClassifier:contamination': 0.15000000000000002, 'classifier:KNNClassifier:method': 'largest', 'classifier:KNNClassifier:n_neighbors': 117, 'classifier:KNNClassifier:p': 2}",113,Success,0.0,KNNClassifier,NoPreprocessing,no_preprocessing,,,,,,,,,,,,0.15000000000000002,largest,117.0,2.0,,,
0.5422916666666667,0.5422916666666667,0.4292865863581745,1.3700027465820312,"{'classifier:__choice__': 'IForestClassifier', 'data_preprocessor:__choice__': 'NoPreprocessing', 'feature_preprocessor:__choice__': 'no_preprocessing', 'classifier:IForestClassifier:bootstrap': 'False', 'classifier:IForestClassifier:contamination': 0.45, 'classifier:IForestClassifier:max_features': 1.0, 'classifier:IForestClassifier:max_samples': 0.6000000000000001, 'classifier:IForestClassifier:n_estimators': 70}",132,Success,0.0,IForestClassifier,NoPreprocessing,no_preprocessing,,,,,,,False,0.45,1.0,0.6000000000000001,70.0,,,,,,,
0.5320833333333334,0.5320833333333334,0.4137781986298118,2.334074020385742,"{'classifier:__choice__': 'IForestClassifier', 'data_preprocessor:__choice__': 'NoPreprocessing', 'feature_preprocessor:__choice__': 'no_preprocessing', 'classifier:IForestClassifier:bootstrap': 'False', 'classifier:IForestClassifier:contamination': 0.1, 'classifier:IForestClassifier:max_features': 1.0, 'classifier:IForestClassifier:max_samples': 0.5, 'classifier:IForestClassifier:n_estimators': 175}",148,Success,0.0,IForestClassifier,NoPreprocessing,no_preprocessing,,,,,,,False,0.1,1.0,0.5,175.0,,,,,,,
0.5489583333333333,0.5489583333333333,0.4147465115523955,2.4523448944091797,"{'classifier:__choice__': 'KNNClassifier', 'data_preprocessor:__choice__': 'NoPreprocessing', 'feature_preprocessor:__choice__': 'no_preprocessing', 'classifier:KNNClassifier:contamination': 0.3, 'classifier:KNNClassifier:method': 'largest', 'classifier:KNNClassifier:n_neighbors': 133, 'classifier:KNNClassifier:p': 2}",100,Success,0.0,KNNClassifier,NoPreprocessing,no_preprocessing,,,,,,,,,,,,0.3,largest,133.0,2.0,,,
0.0,,,0.5287785530090332,"{'classifier:__choice__': 'CBLOFClassifier', 'data_preprocessor:__choice__': 'NoPreprocessing', 'feature_preprocessor:__choice__': 'no_preprocessing', 'classifier:CBLOFClassifier:alpha': 1.0, 'classifier:CBLOFClassifier:beta': 20, 'classifier:CBLOFClassifier:contamination': 0.3, 'classifier:CBLOFClassifier:n_clusters': 10, 'classifier:CBLOFClassifier:use_weights': 'False'}",303,Crash,0.0,CBLOFClassifier,NoPreprocessing,no_preprocessing,1.0,20.0,0.3,10.0,False,,,,,,,,,,,,,
0.5437500000000001,0.5437500000000001,0.4227589087891084,2.461430549621582,"{'classifier:__choice__': 'IForestClassifier', 'data_preprocessor:__choice__': 'NoPreprocessing', 'feature_preprocessor:__choice__': 'no_preprocessing', 'classifier:IForestClassifier:bootstrap': 'False', 'classifier:IForestClassifier:contamination': 0.35000000000000003, 'classifier:IForestClassifier:max_features': 1.0, 'classifier:IForestClassifier:max_samples': 0.4, 'classifier:IForestClassifier:n_estimators': 190}",128,Success,0.0,IForestClassifier,NoPreprocessing,no_preprocessing,,,,,,,False,0.35000000000000003,1.0,0.4,190.0,,,,,,,
0.42218749999999994,0.42218749999999994,0.34063383685785564,2.473085403442383,"{'classifier:__choice__': 'CBLOFClassifier', 'data_preprocessor:__choice__': 'NoPreprocessing', 'feature_preprocessor:__choice__': 'no_preprocessing', 'classifier:CBLOFClassifier:alpha': 0.6, 'classifier:CBLOFClassifier:beta': 4, 'classifier:CBLOFClassifier:contamination': 0.15000000000000002, 'classifier:CBLOFClassifier:n_clusters': 6, 'classifier:CBLOFClassifier:use_weights': 'False'}",258,Success,0.0,CBLOFClassifier,NoPreprocessing,no_preprocessing,0.6,4.0,0.15000000000000002,6.0,False,,,,,,,,,,,,,
0.5507291666666667,0.5507291666666667,0.41554377182356494,2.350822925567627,"{'classifier:__choice__': 'KNNClassifier', 'data_preprocessor:__choice__': 'NoPreprocessing', 'feature_preprocessor:__choice__': 'no_preprocessing', 'classifier:KNNClassifier:contamination': 0.45, 'classifier:KNNClassifier:method': 'largest', 'classifier:KNNClassifier:n_neighbors': 170, 'classifier:KNNClassifier:p': 2}",60,Success,0.0,KNNClassifier,NoPreprocessing,no_preprocessing,,,,,,,,,,,,0.45,largest,170.0,2.0,,,
0.5503125,0.5503125,0.41438488291118647,2.2801156044006348,"{'classifier:__choice__': 'KNNClassifier', 'data_preprocessor:__choice__': 'NoPreprocessing', 'feature_preprocessor:__choice__': 'no_preprocessing', 'classifier:KNNClassifier:contamination': 0.3, 'classifier:KNNClassifier:method': 'largest', 'classifier:KNNClassifier:n_neighbors': 57, 'classifier:KNNClassifier:p': 2}",72,Success,0.0,KNNClassifier,NoPreprocessing,no_preprocessing,,,,,,,,,,,,0.3,largest,57.0,2.0,,,
0.42104166666666676,0.42104166666666676,0.34030122977477184,2.621899366378784,"{'classifier:__choice__': 'CBLOFClassifier', 'data_preprocessor:__choice__': 'NoPreprocessing', 'feature_preprocessor:__choice__': 'no_preprocessing', 'classifier:CBLOFClassifier:alpha': 0.7, 'classifier:CBLOFClassifier:beta': 2, 'classifier:CBLOFClassifier:contamination': 0.3, 'classifier:CBLOFClassifier:n_clusters': 6, 'classifier:CBLOFClassifier:use_weights': 'False'}",261,Success,0.0,CBLOFClassifier,NoPreprocessing,no_preprocessing,0.7,2.0,0.3,6.0,False,,,,,,,,,,,,,
0.5539583333333333,0.5539583333333333,0.42400698670685977,2.3033320903778076,"{'classifier:__choice__': 'CBLOFClassifier', 'data_preprocessor:__choice__': 'NoPreprocessing', 'feature_preprocessor:__choice__': 'no_preprocessing', 'classifier:CBLOFClassifier:alpha': 0.7, 'classifier:CBLOFClassifier:beta': 14, 'classifier:CBLOFClassifier:contamination': 0.25, 'classifier:CBLOFClassifier:n_clusters': 2, 'classifier:CBLOFClassifier:use_weights': 'False'}",30,Success,0.0,CBLOFClassifier,NoPreprocessing,no_preprocessing,0.7,14.0,0.25,2.0,False,,,,,,,,,,,,,
0.42104166666666676,0.42104166666666676,0.34030122977477184,2.478271961212158,"{'classifier:__choice__': 'CBLOFClassifier', 'data_preprocessor:__choice__': 'NoPreprocessing', 'feature_preprocessor:__choice__': 'no_preprocessing', 'classifier:CBLOFClassifier:alpha': 0.7, 'classifier:CBLOFClassifier:beta': 18, 'classifier:CBLOFClassifier:contamination': 0.45, 'classifier:CBLOFClassifier:n_clusters': 6, 'classifier:CBLOFClassifier:use_weights': 'False'}",261,Success,0.0,CBLOFClassifier,NoPreprocessing,no_preprocessing,0.7,18.0,0.45,6.0,False,,,,,,,,,,,,,
0.47187500000000004,0.47187500000000004,0.3655489323861354,1.0990595817565918,"{'classifier:__choice__': 'LOFClassifier', 'data_preprocessor:__choice__': 'NoPreprocessing', 'feature_preprocessor:__choice__': 'no_preprocessing', 'classifier:LOFClassifier:contamination': 0.3, 'classifier:LOFClassifier:n_neighbors': 121, 'classifier:LOFClassifier:p': 2}",206,Success,0.0,LOFClassifier,NoPreprocessing,no_preprocessing,,,,,,,,,,,,,,,,0.3,121.0,2.0
0.3318749999999999,0.3318749999999999,0.3080976996724012,2.7348623275756836,"{'classifier:__choice__': 'CBLOFClassifier', 'data_preprocessor:__choice__': 'NoPreprocessing', 'feature_preprocessor:__choice__': 'no_preprocessing', 'classifier:CBLOFClassifier:alpha': 0.55, 'classifier:CBLOFClassifier:beta': 4, 'classifier:CBLOFClassifier:contamination': 0.25, 'classifier:CBLOFClassifier:n_clusters': 14, 'classifier:CBLOFClassifier:use_weights': 'False'}",294,Success,0.0,CBLOFClassifier,NoPreprocessing,no_preprocessing,0.55,4.0,0.25,14.0,False,,,,,,,,,,,,,
0.47395833333333326,0.47395833333333326,0.3661371109184193,1.1129381656646729,"{'classifier:__choice__': 'LOFClassifier', 'data_preprocessor:__choice__': 'NoPreprocessing', 'feature_preprocessor:__choice__': 'no_preprocessing', 'classifier:LOFClassifier:contamination': 0.3, 'classifier:LOFClassifier:n_neighbors': 129, 'classifier:LOFClassifier:p': 2}",203,Success,0.0,LOFClassifier,NoPreprocessing,no_preprocessing,,,,,,,,,,,,,,,,0.3,129.0,2.0
0.0,,,1.0082910060882568,"{'classifier:__choice__': 'LOFClassifier', 'data_preprocessor:__choice__': 'NoPreprocessing', 'feature_preprocessor:__choice__': 'no_preprocessing', 'classifier:LOFClassifier:contamination': 0.45, 'classifier:LOFClassifier:n_neighbors': 127, 'classifier:LOFClassifier:p': 2}",303,Timeout,0.0,LOFClassifier,NoPreprocessing,no_preprocessing,,,,,,,,,,,,,,,,0.45,127.0,2.0
